0 -0.222529515624046 0.011712078936398 1.68599998950958 1
1 -0.199126198887825 0.0113786393776536 1.63800001144409 1
2 -0.199977159500122 0.00571363279595971 1.64499998092651 1
3 -0.198042526841164 0.0232991185039282 1.67700004577637 1
4 -0.194263532757759 0.0114272655919194 1.64499998092651 1
5 -0.194263532757759 0.00571363279595971 1.64499998092651 1
6 -0.193249315023422 0.0292801968753338 1.68599998950958 1
7 -0.192217737436295 0.0232991185039282 1.67700004577637 1
8 -0.19130077958107 0.0173909794539213 1.6690000295639 1
9 -0.18946684896946 0.0114828385412693 1.65299999713898 1
10 -0.187747552990913 0.0056893196888268 1.63800001144409 1
11 -0.186392962932587 0.0291238985955715 1.67700004577637 1
12 -0.186392962932587 0.0232991185039282 1.67700004577637 1
13 -0.185503780841827 0.0173909794539213 1.6690000295639 1
14 -0.18372543156147 0.0114828385412693 1.65299999713898 1
15 -0.182058244943619 0.0056893196888268 1.63800001144409 1
16 -0.180568188428879 0.0349486768245697 1.67700004577637 1
17 -0.179706797003746 0.0289849638938904 1.6690000295639 1
18 -0.179706797003746 0.0231879707425833 1.6690000295639 1
19 -0.179706797003746 0.0173909794539213 1.6690000295639 1
20 -0.177122622728348 0.0114272655919194 1.64499998092651 1
21 -0.176368921995163 0.0056893196888268 1.63800001144409 1
22 -0.17550753057003 0 1.62999999523163 1
23 -0.17474339902401 0.0407734587788582 1.67700004577637 1
24 -0.17474339902401 0.0349486768245697 1.67700004577637 1
25 -0.17474339902401 0.0291238985955715 1.67700004577637 1
26 -0.173909798264503 0.0231879707425833 1.6690000295639 1
27 -0.173076197504997 0.0173076186329126 1.66100001335144 1
28 -0.170679599046707 0.0113786393776536 1.63800001144409 1
29 -0.169845998287201 0.00566153274849057 1.62999999523163 1
30 -0.169845998287201 0 1.62999999523163 1
31 -0.169825151562691 0.0409922748804092 1.68599998950958 1
32 -0.168918624520302 0.0349486768245697 1.67700004577637 1
33 -0.168918624520302 0.0291238985955715 1.67700004577637 1
34 -0.168112799525261 0.0231879707425833 1.6690000295639 1
35 -0.166501179337502 0.017224257811904 1.65299999713898 1
36 -0.164990276098251 0.0113786393776536 1.63800001144409 1
37 -0.164184466004372 0.00566153274849057 1.62999999523163 1
38 -0.163378641009331 0 1.62199997901917 1
39 -0.164747148752213 0.0411867834627628 1.69400000572205 1
40 -0.163969114422798 0.0351362377405167 1.68599998950958 1
41 -0.163093835115433 0.0291238985955715 1.67700004577637 1
42 -0.161537781357765 0.0230768248438835 1.66100001335144 1
43 -0.160759761929512 0.017224257811904 1.65299999713898 1
44 -0.159300953149796 0.0113786393776536 1.63800001144409 1
45 -0.158522933721542 0.00566153274849057 1.62999999523163 1
46 -0.157744899392128 0 1.62199997901917 1
47 -0.160457566380501 0.0475429818034172 1.71099996566772 1
48 -0.161207810044289 0.0417946167290211 1.71899998188019 1
49 -0.158113077282906 0.0351362377405167 1.68599998950958 1
50 -0.157269060611725 0.0291238985955715 1.67700004577637 1
51 -0.155768573284149 0.0230768248438835 1.66100001335144 1
52 -0.155018329620361 0.017224257811904 1.65299999713898 1
53 -0.153611645102501 0.0113786393776536 1.63800001144409 1
54 -0.152861401438713 0.00566153274849057 1.62999999523163 1
55 -0.151454702019691 0 1.61500000953674 1
56 -0.151454702019691 -0.00560943270102143 1.61500000953674 1
57 -0.157585129141808 0.17576801776886 1.74500000476837 1
58 -0.15677236020565 0.168831765651703 1.73599994182587 1
59 -0.15677236020565 0.162802055478096 1.73599994182587 1
60 -0.15677236020565 0.15677236020565 1.73599994182587 1
61 -0.15677236020565 0.150742650032043 1.73599994182587 1
62 -0.15677236020565 0.144712939858437 1.73599994182587 1
63 -0.155237153172493 0.137325167655945 1.71899998188019 1
64 -0.155237153172493 0.0417946167290211 1.71899998188019 1
65 -0.152979493141174 0.0353029556572437 1.69400000572205 1
66 -0.151444286108017 0.0291238985955715 1.67700004577637 1
67 -0.149999365210533 0.0230768248438835 1.66100001335144 1
68 -0.148554459214211 0.0171408988535404 1.64499998092651 1
69 -0.147922322154045 0.0113786393776536 1.63800001144409 1
70 -0.147199869155884 0.00566153274849057 1.62999999523163 1
71 -0.145845264196396 0 1.61500000953674 1
72 -0.145845264196396 -0.00560943270102143 1.61500000953674 1
73 -0.151524171233177 0.230316713452339 1.74500000476837 1
74 -0.151524171233177 0.224255740642548 1.74500000476837 1
75 -0.151524171233177 0.218194782733917 1.74500000476837 1
76 -0.148571833968163 0.202057674527168 1.71099996566772 1
77 -0.150742664933205 0.180891171097755 1.73599994182587 1
78 -0.150742664933205 0.17486147582531 1.73599994182587 1
79 -0.150742664933205 0.168831765651703 1.73599994182587 1
80 -0.150742664933205 0.162802055478096 1.73599994182587 1
81 -0.150742664933205 0.15677236020565 1.73599994182587 1
82 -0.150742664933205 0.150742650032043 1.73599994182587 1
83 -0.15004800260067 0.144046068191528 1.72800004482269 1
84 -0.149266496300697 0.137325167655945 1.71899998188019 1
85 -0.148571833968163 0.0475429818034172 1.71099996566772 1
86 -0.148571833968163 0.0416001081466675 1.71099996566772 1
87 -0.14779032766819 0.0354696772992611 1.70200002193451 1
88 -0.14640100300312 0.0292801968753338 1.68599998950958 1
89 -0.144924834370613 0.0231879707425833 1.6690000295639 1
90 -0.143535494804382 0.017224257811904 1.65299999713898 1
91 -0.142232999205589 0.0113786393776536 1.63800001144409 1
92 -0.141538336873055 0.00566153274849057 1.62999999523163 1
93 -0.1402358263731 0 1.61500000953674 1
94 -0.139541164040565 -0.00558164622634649 1.60699999332428 1
95 -0.142628952860832 0.237714901566505 1.71099996566772 1
96 -0.143295839428902 0.232855722308159 1.71899998188019 1
97 -0.145463198423386 0.230316713452339 1.74500000476837 1
98 -0.144712954759598 0.223099112510681 1.73599994182587 1
99 -0.143295839428902 0.214943736791611 1.71899998188019 1
100 -0.142628952860832 0.208000540733337 1.71099996566772 1
101 -0.142628952860832 0.202057674527168 1.71099996566772 1
102 -0.142628952860832 0.196114793419838 1.71099996566772 1
103 -0.143295839428902 0.191061094403267 1.71899998188019 1
104 -0.14404608309269 0.186059504747391 1.72800004482269 1
105 -0.14404608309269 0.18005758523941 1.72800004482269 1
106 -0.14404608309269 0.17405566573143 1.72800004482269 1
107 -0.144712954759598 0.168831765651703 1.73599994182587 1
108 -0.144712954759598 0.162802055478096 1.73599994182587 1
109 -0.14404608309269 0.156049907207489 1.72800004482269 1
110 -0.14404608309269 0.150047987699509 1.72800004482269 1
111 -0.14404608309269 0.144046068191528 1.72800004482269 1
112 -0.143295839428902 0.137325167655945 1.71899998188019 1
113 -0.14404608309269 0.132042229175568 1.72800004482269 1
114 -0.14404608309269 0.126040309667587 1.72800004482269 1
115 -0.141878724098206 0.118232257664204 1.70200002193451 1
116 -0.13979472219944 0.0640725791454315 1.67700004577637 1
117 -0.140544950962067 0.0585603937506676 1.68599998950958 1
118 -0.141878724098206 0.0532045140862465 1.70200002193451 1
119 -0.141878724098206 0.0472929030656815 1.70200002193451 1
120 -0.141878724098206 0.0413812883198261 1.70200002193451 1
121 -0.141878724098206 0.0354696772992611 1.70200002193451 1
122 -0.141211837530136 0.0294191315770149 1.69400000572205 1
123 -0.13979472219944 0.0232991185039282 1.67700004577637 1
124 -0.138460963964462 0.0173076186329126 1.66100001335144 1
125 -0.137127190828323 0.0114272655919194 1.64499998092651 1
126 -0.136543676257133 0.0056893196888268 1.63800001144409 1
127 -0.135209918022156 0 1.62199997901917 1
128 -0.134626403450966 -0.00560943270102143 1.61500000953674 1
129 -0.137325182557106 0.250767707824707 1.71899998188019 1
130 -0.136686086654663 0.243657782673836 1.71099996566772 1
131 -0.136686086654663 0.237714901566505 1.71099996566772 1
132 -0.137325182557106 0.232855722308159 1.71899998188019 1
133 -0.137325182557106 0.226885050535202 1.71899998188019 1
134 -0.137325182557106 0.220914393663406 1.71899998188019 1
135 -0.136686086654663 0.213943421840668 1.71099996566772 1
136 -0.136686086654663 0.208000540733337 1.71099996566772 1
137 -0.136686086654663 0.202057674527168 1.71099996566772 1
138 -0.136686086654663 0.196114793419838 1.71099996566772 1
139 -0.136686086654663 0.190171927213669 1.71099996566772 1
140 -0.137325182557106 0.185090437531471 1.71899998188019 1
141 -0.138044163584709 0.18005758523941 1.72800004482269 1
142 -0.138044163584709 0.17405566573143 1.72800004482269 1
143 -0.138044163584709 0.16805374622345 1.72800004482269 1
144 -0.138044163584709 0.162051826715469 1.72800004482269 1
145 -0.137325182557106 0.155237138271332 1.71899998188019 1
146 -0.137325182557106 0.149266481399536 1.71899998188019 1
147 -0.13596710562706 0.141878709197044 1.70200002193451 1
148 -0.13596710562706 0.135967090725899 1.70200002193451 1
149 -0.134688913822174 0.12883286178112 1.68599998950958 1
150 -0.13596710562706 0.124143868684769 1.70200002193451 1
151 -0.13596710562706 0.118232257664204 1.70200002193451 1
152 -0.135328009724617 0.111792698502541 1.69400000572205 1
153 -0.135328009724617 0.105908870697021 1.69400000572205 1
154 -0.135328009724617 0.100025042891502 1.69400000572205 1
155 -0.134688913822174 0.0936966314911842 1.68599998950958 1
156 -0.135328009724617 0.0882573947310448 1.69400000572205 1
157 -0.134688913822174 0.0819845497608185 1.68599998950958 1
158 -0.134688913822174 0.0761285126209259 1.68599998950958 1
159 -0.134688913822174 0.0702724754810333 1.68599998950958 1
160 -0.135328009724617 0.064722090959549 1.69400000572205 1
161 -0.135328009724617 0.0588382631540298 1.69400000572205 1
162 -0.135328009724617 0.0529544353485107 1.69400000572205 1
163 -0.13596710562706 0.0472929030656815 1.70200002193451 1
164 -0.13596710562706 0.0413812883198261 1.70200002193451 1
165 -0.13596710562706 0.0354696772992611 1.70200002193451 1
166 -0.135328009724617 0.0294191315770149 1.69400000572205 1
167 -0.134688913822174 0.0234241578727961 1.68599998950958 1
168 -0.133969947695732 0.0174743384122849 1.67700004577637 1
169 -0.132052659988403 0.0114828385412693 1.65299999713898 1
170 -0.13141356408596 0.00571363279595971 1.64499998092651 1
171 -0.130215257406235 0 1.62999999523163 1
172 -0.12901696562767 -0.00560943270102143 1.61500000953674 1
173 -0.128377869725227 -0.011163292452693 1.60699999332428 1
174 -0.131354510784149 0.256738364696503 1.71899998188019 1
175 -0.130743205547333 0.249600648880005 1.71099996566772 1
176 -0.130743205547333 0.243657782673836 1.71099996566772 1
177 -0.130743205547333 0.237714901566505 1.71099996566772 1
178 -0.130743205547333 0.231772035360336 1.71099996566772 1
179 -0.130743205547333 0.225829169154167 1.71099996566772 1
180 -0.130743205547333 0.219886288046837 1.71099996566772 1
181 -0.130055487155914 0.212818056344986 1.70200002193451 1
182 -0.130055487155914 0.206906452775002 1.70200002193451 1
183 -0.130055487155914 0.200994834303856 1.70200002193451 1
184 -0.130055487155914 0.195083230733871 1.70200002193451 1
185 -0.130055487155914 0.189171612262726 1.70200002193451 1
186 -0.130055487155914 0.18325999379158 1.70200002193451 1
187 -0.130743205547333 0.178286179900169 1.71099996566772 1
188 -0.130743205547333 0.172343313694 1.71099996566772 1
189 -0.130743205547333 0.16640043258667 1.71099996566772 1
190 -0.130055487155914 0.15961354970932 1.70200002193451 1
191 -0.129444181919098 0.152979478240013 1.69400000572205 1
192 -0.128832876682281 0.146400988101959 1.68599998950958 1
193 -0.128145158290863 0.139794707298279 1.67700004577637 1
194 -0.128145158290863 0.133969932794571 1.67700004577637 1
195 -0.128145158290863 0.128145158290863 1.67700004577637 1
196 -0.128832876682281 0.122976824641228 1.68599998950958 1
197 -0.128832876682281 0.117120787501335 1.68599998950958 1
198 -0.128832876682281 0.111264750361443 1.68599998950958 1
199 -0.128832876682281 0.10540871322155 1.68599998950958 1
200 -0.128145158290863 0.0990212559700012 1.67700004577637 1
201 -0.128145158290863 0.0931964740157127 1.67700004577637 1
202 -0.128832876682281 0.0878405943512917 1.68599998950958 1
203 -0.128832876682281 0.0819845497608185 1.68599998950958 1
204 -0.128832876682281 0.0761285126209259 1.68599998950958 1
205 -0.129444181919098 0.0706059113144875 1.69400000572205 1
206 -0.129444181919098 0.064722090959549 1.69400000572205 1
207 -0.129444181919098 0.0588382631540298 1.69400000572205 1
208 -0.129444181919098 0.0529544353485107 1.69400000572205 1
209 -0.129444181919098 0.0470706075429916 1.69400000572205 1
210 -0.129444181919098 0.0411867834627628 1.69400000572205 1
211 -0.129444181919098 0.0353029556572437 1.69400000572205 1
212 -0.129444181919098 0.0294191315770149 1.69400000572205 1
213 -0.128832876682281 0.0234241578727961 1.68599998950958 1
214 -0.128145158290863 0.0174743384122849 1.67700004577637 1
215 -0.127533853054047 0.0115939853712916 1.6690000295639 1
216 -0.127533853054047 0.00579699268564582 1.6690000295639 1
217 -0.126311242580414 0 1.65299999713898 1
218 -0.123942419886589 -0.00563374627381563 1.62199997901917 1
219 -0.123407535254955 -0.0112188654020429 1.61500000953674 1
220 -0.124800331890583 0.261486411094666 1.71099996566772 1
221 -0.125383853912354 0.256738364696503 1.71899998188019 1
222 -0.125383853912354 0.250767707824707 1.71899998188019 1
223 -0.124800331890583 0.243657782673836 1.71099996566772 1
224 -0.124800331890583 0.237714901566505 1.71099996566772 1
225 -0.124143876135349 0.230552896857262 1.70200002193451 1
226 -0.124143876135349 0.224641293287277 1.70200002193451 1
227 -0.124143876135349 0.218729674816132 1.70200002193451 1
228 -0.123560361564159 0.211817741394043 1.69400000572205 1
229 -0.124143876135349 0.206906452775002 1.70200002193451 1
230 -0.124143876135349 0.200994834303856 1.70200002193451 1
231 -0.124143876135349 0.195083230733871 1.70200002193451 1
232 -0.124143876135349 0.189171612262726 1.70200002193451 1
233 -0.123560361564159 0.182398617267609 1.69400000572205 1
234 -0.122976839542389 0.175681188702583 1.68599998950958 1
235 -0.122976839542389 0.16982513666153 1.68599998950958 1
236 -0.122320383787155 0.163093835115433 1.67700004577637 1
237 -0.122320383787155 0.157269045710564 1.67700004577637 1
238 -0.122320383787155 0.151444271206856 1.67700004577637 1
239 -0.121736861765385 0.144924819469452 1.6690000295639 1
240 -0.121736861765385 0.139127835631371 1.6690000295639 1
241 -0.121736861765385 0.133330836892128 1.6690000295639 1
242 -0.121736861765385 0.127533838152885 1.6690000295639 1
243 -0.122320383787155 0.122320368885994 1.67700004577637 1
244 -0.122320383787155 0.116495594382286 1.67700004577637 1
245 -0.122320383787155 0.110670812427998 1.67700004577637 1
246 -0.122320383787155 0.104846030473709 1.67700004577637 1
247 -0.122320383787155 0.0990212559700012 1.67700004577637 1
248 -0.122320383787155 0.0931964740157127 1.67700004577637 1
249 -0.122320383787155 0.0873716920614243 1.67700004577637 1
250 -0.122320383787155 0.0815469175577164 1.67700004577637 1
251 -0.122320383787155 0.0757221356034279 1.67700004577637 1
252 -0.122976839542389 0.0702724754810333 1.68599998950958 1
253 -0.122976839542389 0.0644164308905602 1.68599998950958 1
254 -0.122976839542389 0.0585603937506676 1.68599998950958 1
255 -0.123560361564159 0.0529544353485107 1.69400000572205 1
256 -0.123560361564159 0.0470706075429916 1.69400000572205 1
257 -0.122976839542389 0.0409922748804092 1.68599998950958 1
258 -0.122976839542389 0.0351362377405167 1.68599998950958 1
259 -0.122976839542389 0.0292801968753338 1.68599998950958 1
260 -0.122976839542389 0.0234241578727961 1.68599998950958 1
261 -0.122976839542389 0.0175681188702583 1.68599998950958 1
262 -0.122320383787155 0.0116495592519641 1.67700004577637 1
263 -0.121736861765385 0.00579699268564582 1.6690000295639 1
264 -0.121153339743614 0 1.66100001335144 1
265 -0.119475722312927 -0.0056893196888268 1.63800001144409 1
266 -0.11779809743166 -0.0112188654020429 1.61500000953674 1
267 -0.118857465684414 0.267429262399673 1.71099996566772 1
268 -0.118857465684414 0.261486411094666 1.71099996566772 1
269 -0.118857465684414 0.255543529987335 1.71099996566772 1
270 -0.118857465684414 0.249600648880005 1.71099996566772 1
271 -0.118857465684414 0.243657782673836 1.71099996566772 1
272 -0.118857465684414 0.237714901566505 1.71099996566772 1
273 -0.118232265114784 0.230552896857262 1.70200002193451 1
274 -0.11767653375864 0.223585397005081 1.69400000572205 1
275 -0.11767653375864 0.217701569199562 1.69400000572205 1
276 -0.117120794951916 0.2108174264431 1.68599998950958 1
277 -0.117120794951916 0.204961374402046 1.68599998950958 1
278 -0.117120794951916 0.199105337262154 1.68599998950958 1
279 -0.117120794951916 0.193249300122261 1.68599998950958 1
280 -0.117120794951916 0.187393262982368 1.68599998950958 1
281 -0.116495601832867 0.180568173527718 1.67700004577637 1
282 -0.116495601832867 0.174743384122849 1.67700004577637 1
283 -0.115939863026142 0.168112799525261 1.6690000295639 1
284 -0.115939863026142 0.162315800786018 1.6690000295639 1
285 -0.115939863026142 0.156518802046776 1.6690000295639 1
286 -0.115939863026142 0.150721818208694 1.6690000295639 1
287 -0.115939863026142 0.144924819469452 1.6690000295639 1
288 -0.115939863026142 0.139127835631371 1.6690000295639 1
289 -0.115939863026142 0.133330836892128 1.6690000295639 1
290 -0.115939863026142 0.127533838152885 1.6690000295639 1
291 -0.115939863026142 0.121736854314804 1.6690000295639 1
292 -0.115939863026142 0.115939855575562 1.6690000295639 1
293 -0.115939863026142 0.1101428642869 1.6690000295639 1
294 -0.115939863026142 0.104345872998238 1.6690000295639 1
295 -0.115939863026142 0.0985488817095757 1.6690000295639 1
296 -0.115939863026142 0.0927518829703331 1.6690000295639 1
297 -0.115939863026142 0.0869548916816711 1.6690000295639 1
298 -0.116495601832867 0.0815469175577164 1.67700004577637 1
299 -0.116495601832867 0.0757221356034279 1.67700004577637 1
300 -0.116495601832867 0.0698973536491394 1.67700004577637 1
301 -0.117120794951916 0.0644164308905602 1.68599998950958 1
302 -0.117120794951916 0.0585603937506676 1.68599998950958 1
303 -0.117120794951916 0.052704356610775 1.68599998950958 1
304 -0.117120794951916 0.0468483157455921 1.68599998950958 1
305 -0.117120794951916 0.0409922748804092 1.68599998950958 1
306 -0.117120794951916 0.0351362377405167 1.68599998950958 1
307 -0.116495601832867 0.0291238985955715 1.67700004577637 1
308 -0.116495601832867 0.0232991185039282 1.67700004577637 1
309 -0.116495601832867 0.0174743384122849 1.67700004577637 1
310 -0.116495601832867 0.0116495592519641 1.67700004577637 1
311 -0.115939863026142 0.00579699268564582 1.6690000295639 1
312 -0.115939863026142 0 1.6690000295639 1
313 -0.11427266150713 -0.00571363279595971 1.64499998092651 1
314 -0.112188667058945 -0.0112188654020429 1.61500000953674 1
315 -0.11163292825222 -0.0167449377477169 1.60699999332428 1
316 -0.112914592027664 0.273372143507004 1.71099996566772 1
317 -0.112914592027664 0.267429262399673 1.71099996566772 1
318 -0.112320654094219 0.260110974311829 1.70200002193451 1
319 -0.112320654094219 0.254199355840683 1.70200002193451 1
320 -0.112320654094219 0.248287737369537 1.70200002193451 1
321 -0.112320654094219 0.242376133799553 1.70200002193451 1
322 -0.111792705953121 0.235353052616119 1.69400000572205 1
323 -0.111792705953121 0.2294692248106 1.69400000572205 1
324 -0.111264757812023 0.222529500722885 1.68599998950958 1
325 -0.110670819878578 0.215516850352287 1.67700004577637 1
326 -0.110670819878578 0.209692060947418 1.67700004577637 1
327 -0.110670819878578 0.20386728644371 1.67700004577637 1
328 -0.110670819878578 0.198042511940002 1.67700004577637 1
329 -0.110670819878578 0.192217722535133 1.67700004577637 1
330 -0.110670819878578 0.186392948031425 1.67700004577637 1
331 -0.11014287173748 0.179706782102585 1.6690000295639 1
332 -0.11014287173748 0.173909783363342 1.6690000295639 1
333 -0.11014287173748 0.168112799525261 1.6690000295639 1
334 -0.11014287173748 0.162315800786018 1.6690000295639 1
335 -0.11014287173748 0.156518802046776 1.6690000295639 1
336 -0.109614923596382 0.149999365210533 1.66100001335144 1
337 -0.109614923596382 0.144230157136917 1.66100001335144 1
338 -0.11014287173748 0.139127835631371 1.6690000295639 1
339 -0.11014287173748 0.133330836892128 1.6690000295639 1
340 -0.11014287173748 0.127533838152885 1.6690000295639 1
341 -0.109614923596382 0.121153332293034 1.66100001335144 1
342 -0.109614923596382 0.115384124219418 1.66100001335144 1
343 -0.109614923596382 0.109614916145802 1.66100001335144 1
344 -0.109086975455284 0.103345550596714 1.65299999713898 1
345 -0.109614923596382 0.0980765074491501 1.66100001335144 1
346 -0.109086975455284 0.0918627083301544 1.65299999713898 1
347 -0.109614923596382 0.086538091301918 1.66100001335144 1
348 -0.11014287173748 0.0811579003930092 1.6690000295639 1
349 -0.11014287173748 0.0753609091043472 1.6690000295639 1
350 -0.110670819878578 0.0698973536491394 1.67700004577637 1
351 -0.110670819878578 0.0640725791454315 1.67700004577637 1
352 -0.110670819878578 0.058247797191143 1.67700004577637 1
353 -0.110670819878578 0.0524230152368546 1.67700004577637 1
354 -0.110670819878578 0.0465982370078564 1.67700004577637 1
355 -0.110670819878578 0.0407734587788582 1.67700004577637 1
356 -0.110670819878578 0.0349486768245697 1.67700004577637 1
357 -0.110670819878578 0.0291238985955715 1.67700004577637 1
358 -0.110670819878578 0.0232991185039282 1.67700004577637 1
359 -0.110670819878578 0.0174743384122849 1.67700004577637 1
360 -0.110670819878578 0.0116495592519641 1.67700004577637 1
361 -0.11014287173748 0.00579699268564582 1.6690000295639 1
362 -0.11014287173748 0 1.6690000295639 1
363 -0.109086975455284 -0.00574141927063465 1.65299999713898 1
364 -0.107569128274918 -0.0113230654969811 1.62999999523163 1
365 -0.106051281094551 -0.0167449377477169 1.60699999332428 1
366 -0.106409043073654 0.271934181451797 1.70200002193451 1
367 -0.106409043073654 0.266022592782974 1.70200002193451 1
368 -0.105908878147602 0.258888363838196 1.69400000572205 1
369 -0.105908878147602 0.253004521131516 1.69400000572205 1
370 -0.105408720672131 0.245953649282455 1.68599998950958 1
371 -0.105408720672131 0.240097612142563 1.68599998950958 1
372 -0.10484603792429 0.232991188764572 1.67700004577637 1
373 -0.10484603792429 0.227166399359703 1.67700004577637 1
374 -0.10484603792429 0.221341624855995 1.67700004577637 1
375 -0.104345880448818 0.214488744735718 1.6690000295639 1
376 -0.10484603792429 0.209692060947418 1.67700004577637 1
377 -0.10484603792429 0.20386728644371 1.67700004577637 1
378 -0.10484603792429 0.198042511940002 1.67700004577637 1
379 -0.10484603792429 0.192217722535133 1.67700004577637 1
380 -0.104345880448818 0.185503765940666 1.6690000295639 1
381 -0.104345880448818 0.179706782102585 1.6690000295639 1
382 -0.104345880448818 0.173909783363342 1.6690000295639 1
383 -0.104345880448818 0.168112799525261 1.6690000295639 1
384 -0.103845715522766 0.161537766456604 1.66100001335144 1
385 -0.103845715522766 0.155768573284149 1.66100001335144 1
386 -0.103845715522766 0.149999365210533 1.66100001335144 1
387 -0.103845715522766 0.144230157136917 1.66100001335144 1
388 -0.103845715522766 0.138460949063301 1.66100001335144 1
389 -0.103845715522766 0.132691740989685 1.66100001335144 1
390 -0.103845715522766 0.126922532916069 1.66100001335144 1
391 -0.103345558047295 0.120569810271263 1.65299999713898 1
392 -0.103345558047295 0.114828392863274 1.65299999713898 1
393 -0.103345558047295 0.109086968004704 1.65299999713898 1
394 -0.102845400571823 0.102845393121243 1.64499998092651 1
395 -0.102845400571823 0.097131758928299 1.64499998092651 1
396 -0.102845400571823 0.0914181247353554 1.64499998092651 1
397 -0.102845400571823 0.0857044905424118 1.64499998092651 1
398 -0.103345558047295 0.0803798735141754 1.65299999713898 1
399 -0.103845715522766 0.0749996826052666 1.66100001335144 1
400 -0.104345880448818 0.0695639178156853 1.6690000295639 1
401 -0.104345880448818 0.0637669190764427 1.6690000295639 1
402 -0.104345880448818 0.0579699277877808 1.6690000295639 1
403 -0.10484603792429 0.0524230152368546 1.67700004577637 1
404 -0.10484603792429 0.0465982370078564 1.67700004577637 1
405 -0.10484603792429 0.0407734587788582 1.67700004577637 1
406 -0.10484603792429 0.0349486768245697 1.67700004577637 1
407 -0.10484603792429 0.0291238985955715 1.67700004577637 1
408 -0.10484603792429 0.0232991185039282 1.67700004577637 1
409 -0.10484603792429 0.0174743384122849 1.67700004577637 1
410 -0.10484603792429 0.0116495592519641 1.67700004577637 1
411 -0.104345880448818 0.00579699268564582 1.6690000295639 1
412 -0.104345880448818 0 1.6690000295639 1
413 -0.103345558047295 -0.00574141927063465 1.65299999713898 1
414 -0.10240776091814 -0.0113786393776536 1.63800001144409 1
415 -0.101407438516617 -0.0169012378901243 1.62199997901917 1
416 -0.100497424602509 0.277845799922943 1.70200002193451 1
417 -0.100497424602509 0.271934181451797 1.70200002193451 1
418 -0.100497424602509 0.266022592782974 1.70200002193451 1
419 -0.100025050342083 0.258888363838196 1.69400000572205 1
420 -0.0995526760816574 0.251809686422348 1.68599998950958 1
421 -0.0990212634205818 0.244640737771988 1.67700004577637 1
422 -0.0990212634205818 0.23881596326828 1.67700004577637 1
423 -0.0985488891601563 0.231879711151123 1.6690000295639 1
424 -0.0980765148997307 0.224999040365219 1.66100001335144 1
425 -0.0985488891601563 0.220285728573799 1.6690000295639 1
426 -0.0980765148997307 0.213460624217987 1.66100001335144 1
427 -0.0985488891601563 0.208691745996475 1.6690000295639 1
428 -0.0985488891601563 0.202894747257233 1.6690000295639 1
429 -0.0985488891601563 0.197097763419151 1.6690000295639 1
430 -0.0985488891601563 0.191300764679909 1.6690000295639 1
431 -0.0985488891601563 0.185503765940666 1.6690000295639 1
432 -0.0985488891601563 0.179706782102585 1.6690000295639 1
433 -0.0985488891601563 0.173909783363342 1.6690000295639 1
434 -0.0980765148997307 0.16730697453022 1.66100001335144 1
435 -0.0976041406393051 0.160759747028351 1.65299999713898 1
436 -0.0976041406393051 0.155018329620361 1.65299999713898 1
437 -0.0976041406393051 0.149276912212372 1.65299999713898 1
438 -0.0971317663788795 0.142840817570686 1.64499998092651 1
439 -0.0971317663788795 0.137127190828323 1.64499998092651 1
440 -0.0971317663788795 0.131413549184799 1.64499998092651 1
441 -0.0971317663788795 0.125699922442436 1.64499998092651 1
442 -0.0971317663788795 0.119986288249493 1.64499998092651 1
443 -0.0971317663788795 0.114272654056549 1.64499998092651 1
444 -0.0971317663788795 0.108559019863605 1.64499998092651 1
445 -0.0971317663788795 0.102845393121243 1.64499998092651 1
446 -0.0971317663788795 0.097131758928299 1.64499998092651 1
447 -0.0971317663788795 0.0914181247353554 1.64499998092651 1
448 -0.0971317663788795 0.0857044905424118 1.64499998092651 1
449 -0.0971317663788795 0.0799908563494682 1.64499998092651 1
450 -0.0971317663788795 0.0742772221565247 1.64499998092651 1
451 -0.0980765148997307 0.0692304745316505 1.66100001335144 1
452 -0.0980765148997307 0.0634612664580345 1.66100001335144 1
453 -0.0985488891601563 0.0579699277877808 1.6690000295639 1
454 -0.0985488891601563 0.0521729364991188 1.6690000295639 1
455 -0.0985488891601563 0.0463759414851666 1.6690000295639 1
456 -0.0985488891601563 0.0405789501965046 1.6690000295639 1
457 -0.0990212634205818 0.0349486768245697 1.67700004577637 1
458 -0.0990212634205818 0.0291238985955715 1.67700004577637 1
459 -0.0990212634205818 0.0232991185039282 1.67700004577637 1
460 -0.0990212634205818 0.0174743384122849 1.67700004577637 1
461 -0.0990212634205818 0.0116495592519641 1.67700004577637 1
462 -0.0985488891601563 0.00579699268564582 1.6690000295639 1
463 -0.0985488891601563 0 1.6690000295639 1
464 -0.0976041406393051 -0.00574141927063465 1.65299999713898 1
465 -0.0971317663788795 -0.0114272655919194 1.64499998092651 1
466 -0.0967184379696846 -0.0170679576694965 1.63800001144409 1
467 -0.0957736894488335 -0.0225349850952625 1.62199997901917 1
468 -0.095085971057415 0.285257875919342 1.71099996566772 1
469 -0.095085971057415 0.279315024614334 1.71099996566772 1
470 -0.0945858135819435 0.271934181451797 1.70200002193451 1
471 -0.0941412225365639 0.264772176742554 1.69400000572205 1
472 -0.0936966389417648 0.257665723562241 1.68599998950958 1
473 -0.0931964814662933 0.250465512275696 1.67700004577637 1
474 -0.0927518904209137 0.243473708629608 1.6690000295639 1
475 -0.0927518904209137 0.237676709890366 1.6690000295639 1
476 -0.0923073068261147 0.230768248438835 1.66100001335144 1
477 -0.0923073068261147 0.224999040365219 1.66100001335144 1
478 -0.0923073068261147 0.219229832291603 1.66100001335144 1
479 -0.0923073068261147 0.213460624217987 1.66100001335144 1
480 -0.0923073068261147 0.207691416144371 1.66100001335144 1
481 -0.0923073068261147 0.201922222971916 1.66100001335144 1
482 -0.0923073068261147 0.1961530148983 1.66100001335144 1
483 -0.0927518904209137 0.191300764679909 1.6690000295639 1
484 -0.0927518904209137 0.185503765940666 1.6690000295639 1
485 -0.0923073068261147 0.178845390677452 1.66100001335144 1
486 -0.0923073068261147 0.173076182603836 1.66100001335144 1
487 -0.0923073068261147 0.16730697453022 1.66100001335144 1
488 -0.091862715780735 0.160759747028351 1.65299999713898 1
489 -0.091862715780735 0.155018329620361 1.65299999713898 1
490 -0.091418132185936 0.148554444313049 1.64499998092651 1
491 -0.091418132185936 0.142840817570686 1.64499998092651 1
492 -0.091418132185936 0.137127190828323 1.64499998092651 1
493 -0.091418132185936 0.131413549184799 1.64499998092651 1
494 -0.091418132185936 0.125699922442436 1.64499998092651 1
495 -0.091418132185936 0.119986288249493 1.64499998092651 1
496 -0.0910291224718094 0.113786391913891 1.63800001144409 1
497 -0.0910291224718094 0.108097068965435 1.63800001144409 1
498 -0.0910291224718094 0.10240775346756 1.63800001144409 1
499 -0.0910291224718094 0.096718430519104 1.63800001144409 1
500 -0.0910291224718094 0.0910291150212288 1.63800001144409 1
501 -0.091418132185936 0.0857044905424118 1.64499998092651 1
502 -0.091418132185936 0.0799908563494682 1.64499998092651 1
503 -0.091418132185936 0.0742772221565247 1.64499998092651 1
504 -0.091418132185936 0.0685635954141617 1.64499998092651 1
505 -0.091862715780735 0.0631556138396263 1.65299999713898 1
506 -0.0923073068261147 0.0576920621097088 1.66100001335144 1
507 -0.0927518904209137 0.0521729364991188 1.6690000295639 1
508 -0.0927518904209137 0.0463759414851666 1.6690000295639 1
509 -0.0927518904209137 0.0405789501965046 1.6690000295639 1
510 -0.0927518904209137 0.0347819589078426 1.6690000295639 1
511 -0.0931964814662933 0.0291238985955715 1.67700004577637 1
512 -0.0931964814662933 0.0232991185039282 1.67700004577637 1
513 -0.0931964814662933 0.0174743384122849 1.67700004577637 1
514 -0.0931964814662933 0.0116495592519641 1.67700004577637 1
515 -0.0931964814662933 0.00582477962598205 1.67700004577637 1
516 -0.0927518904209137 0 1.6690000295639 1
517 -0.091862715780735 -0.00574141927063465 1.65299999713898 1
518 -0.091418132185936 -0.0114272655919194 1.64499998092651 1
519 -0.0910291224718094 -0.0170679576694965 1.63800001144409 1
520 -0.0905845314264297 -0.0226461309939623 1.62999999523163 1
521 -0.0900288000702858 0.294094055891037 1.72800004482269 1
522 -0.0891430974006653 0.285257875919342 1.71099996566772 1
523 -0.0891430974006653 0.279315024614334 1.71099996566772 1
524 -0.0886742025613785 0.271934181451797 1.70200002193451 1
525 -0.0878405943512917 0.263521760702133 1.68599998950958 1
526 -0.0873716995120049 0.256290316581726 1.67700004577637 1
527 -0.0873716995120049 0.250465512275696 1.67700004577637 1
528 -0.0865380987524986 0.242306664586067 1.66100001335144 1
529 -0.0869548991322517 0.237676709890366 1.6690000295639 1
530 -0.0861212983727455 0.229656785726547 1.65299999713898 1
531 -0.0861212983727455 0.223915353417397 1.65299999713898 1
532 -0.0861212983727455 0.218173936009407 1.65299999713898 1
533 -0.0861212983727455 0.212432518601418 1.65299999713898 1
534 -0.0861212983727455 0.206691101193428 1.65299999713898 1
535 -0.0861212983727455 0.200949683785439 1.65299999713898 1
536 -0.0861212983727455 0.195208266377449 1.65299999713898 1
537 -0.0865380987524986 0.190383806824684 1.66100001335144 1
538 -0.0865380987524986 0.184614598751068 1.66100001335144 1
539 -0.0865380987524986 0.178845390677452 1.66100001335144 1
540 -0.0865380987524986 0.173076182603836 1.66100001335144 1
541 -0.0861212983727455 0.16650116443634 1.65299999713898 1
542 -0.0861212983727455 0.160759747028351 1.65299999713898 1
543 -0.0861212983727455 0.155018329620361 1.65299999713898 1
544 -0.0857044979929924 0.148554444313049 1.64499998092651 1
545 -0.0857044979929924 0.142840817570686 1.64499998092651 1
546 -0.0857044979929924 0.137127190828323 1.64499998092651 1
547 -0.0853397995233536 0.130854353308678 1.63800001144409 1
548 -0.0853397995233536 0.125165030360222 1.63800001144409 1
549 -0.0853397995233536 0.119475707411766 1.63800001144409 1
550 -0.0853397995233536 0.113786391913891 1.63800001144409 1
551 -0.0853397995233536 0.108097068965435 1.63800001144409 1
552 -0.0853397995233536 0.10240775346756 1.63800001144409 1
553 -0.0853397995233536 0.096718430519104 1.63800001144409 1
554 -0.0853397995233536 0.0910291150212288 1.63800001144409 1
555 -0.0853397995233536 0.085339792072773 1.63800001144409 1
556 -0.0857044979929924 0.0799908563494682 1.64499998092651 1
557 -0.0857044979929924 0.0742772221565247 1.64499998092651 1
558 -0.0857044979929924 0.0685635954141617 1.64499998092651 1
559 -0.0857044979929924 0.0628499612212181 1.64499998092651 1
560 -0.0861212983727455 0.0574141964316368 1.65299999713898 1
561 -0.0865380987524986 0.0519228540360928 1.66100001335144 1
562 -0.0869548991322517 0.0463759414851666 1.6690000295639 1
563 -0.0869548991322517 0.0405789501965046 1.6690000295639 1
564 -0.0869548991322517 0.0347819589078426 1.6690000295639 1
565 -0.0869548991322517 0.0289849638938904 1.6690000295639 1
566 -0.0873716995120049 0.0232991185039282 1.67700004577637 1
567 -0.0873716995120049 0.0174743384122849 1.67700004577637 1
568 -0.0873716995120049 0.0116495592519641 1.67700004577637 1
569 -0.0873716995120049 0.00582477962598205 1.67700004577637 1
570 -0.0869548991322517 0 1.6690000295639 1
571 -0.0865380987524986 -0.00576920621097088 1.66100001335144 1
572 -0.0857044979929924 -0.0114272655919194 1.64499998092651 1
573 -0.0857044979929924 -0.0171408988535404 1.64499998092651 1
574 -0.0849229991436005 -0.0226461309939623 1.62999999523163 1
575 -0.0841415002942085 -0.028047164902091 1.61500000953674 1
576 -0.0840268805623055 0.294094055891037 1.72800004482269 1
577 -0.0840268805623055 0.288092136383057 1.72800004482269 1
578 -0.0832002237439156 0.279315024614334 1.71099996566772 1
579 -0.0823735743761063 0.270655989646912 1.69400000572205 1
580 -0.0819845572113991 0.263521760702133 1.68599998950958 1
581 -0.0815469175577164 0.256290316581726 1.67700004577637 1
582 -0.0811579078435898 0.24927069246769 1.6690000295639 1
583 -0.080379880964756 0.241139620542526 1.65299999713898 1
584 -0.0807688906788826 0.236537456512451 1.66100001335144 1
585 -0.080379880964756 0.229656785726547 1.65299999713898 1
586 -0.080379880964756 0.223915353417397 1.65299999713898 1
587 -0.080379880964756 0.218173936009407 1.65299999713898 1
588 -0.0799908638000488 0.211404412984848 1.64499998092651 1
589 -0.0799908638000488 0.205690786242485 1.64499998092651 1
590 -0.0799908638000488 0.199977144598961 1.64499998092651 1
591 -0.0799908638000488 0.194263517856598 1.64499998092651 1
592 -0.080379880964756 0.18946684896946 1.65299999713898 1
593 -0.080379880964756 0.183725416660309 1.65299999713898 1
594 -0.080379880964756 0.177983999252319 1.65299999713898 1
595 -0.0799908638000488 0.171408981084824 1.64499998092651 1
596 -0.0799908638000488 0.165695354342461 1.64499998092651 1
597 -0.0799908638000488 0.159981712698936 1.64499998092651 1
598 -0.0799908638000488 0.154268085956573 1.64499998092651 1
599 -0.0799908638000488 0.148554444313049 1.64499998092651 1
600 -0.0799908638000488 0.142840817570686 1.64499998092651 1
601 -0.0799908638000488 0.137127190828323 1.64499998092651 1
602 -0.0796504765748978 0.130854353308678 1.63800001144409 1
603 -0.0796504765748978 0.125165030360222 1.63800001144409 1
604 -0.0796504765748978 0.119475707411766 1.63800001144409 1
605 -0.0796504765748978 0.113786391913891 1.63800001144409 1
606 -0.0796504765748978 0.108097068965435 1.63800001144409 1
607 -0.0796504765748978 0.10240775346756 1.63800001144409 1
608 -0.0796504765748978 0.096718430519104 1.63800001144409 1
609 -0.0796504765748978 0.0910291150212288 1.63800001144409 1
610 -0.0796504765748978 0.085339792072773 1.63800001144409 1
611 -0.0796504765748978 0.0796504765748978 1.63800001144409 1
612 -0.0796504765748978 0.073961153626442 1.63800001144409 1
613 -0.0796504765748978 0.0682718306779861 1.63800001144409 1
614 -0.0799908638000488 0.0628499612212181 1.64499998092651 1
615 -0.080379880964756 0.0574141964316368 1.65299999713898 1
616 -0.080379880964756 0.051672775298357 1.65299999713898 1
617 -0.0807688906788826 0.046153649687767 1.66100001335144 1
618 -0.0811579078435898 0.0405789501965046 1.6690000295639 1
619 -0.0811579078435898 0.0347819589078426 1.6690000295639 1
620 -0.0811579078435898 0.0289849638938904 1.6690000295639 1
621 -0.0815469175577164 0.0232991185039282 1.67700004577637 1
622 -0.0815469175577164 0.0174743384122849 1.67700004577637 1
623 -0.0815469175577164 0.0116495592519641 1.67700004577637 1
624 -0.0815469175577164 0.00582477962598205 1.67700004577637 1
625 -0.0811579078435898 0 1.6690000295639 1
626 -0.0807688906788826 -0.00576920621097088 1.66100001335144 1
627 -0.0799908638000488 -0.0114272655919194 1.64499998092651 1
628 -0.0799908638000488 -0.0171408988535404 1.64499998092651 1
629 -0.0792614668607712 -0.0226461309939623 1.62999999523163 1
630 -0.0785320624709129 -0.028047164902091 1.61500000953674 1
631 -0.0780249610543251 0.294094055891037 1.72800004482269 1
632 -0.0780249610543251 0.288092136383057 1.72800004482269 1
633 -0.0772573500871658 0.279315024614334 1.71099996566772 1
634 -0.0764897465705872 0.270655989646912 1.69400000572205 1
635 -0.0757221430540085 0.262115091085434 1.67700004577637 1
636 -0.0749996826052666 0.253845065832138 1.66100001335144 1
637 -0.0746384561061859 0.246881037950516 1.65299999713898 1
638 -0.0746384561061859 0.241139620542526 1.65299999713898 1
639 -0.0746384561061859 0.235398203134537 1.65299999713898 1
640 -0.0746384561061859 0.229656785726547 1.65299999713898 1
641 -0.0742772296071053 0.222831681370735 1.64499998092651 1
642 -0.0742772296071053 0.217118039727211 1.64499998092651 1
643 -0.0742772296071053 0.211404412984848 1.64499998092651 1
644 -0.0742772296071053 0.205690786242485 1.64499998092651 1
645 -0.0742772296071053 0.199977144598961 1.64499998092651 1
646 -0.0742772296071053 0.194263517856598 1.64499998092651 1
647 -0.0742772296071053 0.188549876213074 1.64499998092651 1
648 -0.0742772296071053 0.182836249470711 1.64499998092651 1
649 -0.0742772296071053 0.177122622728348 1.64499998092651 1
650 -0.0742772296071053 0.171408981084824 1.64499998092651 1
651 -0.0742772296071053 0.165695354342461 1.64499998092651 1
652 -0.0742772296071053 0.159981712698936 1.64499998092651 1
653 -0.0742772296071053 0.154268085956573 1.64499998092651 1
654 -0.0742772296071053 0.148554444313049 1.64499998092651 1
655 -0.0742772296071053 0.142840817570686 1.64499998092651 1
656 -0.0742772296071053 0.137127190828323 1.64499998092651 1
657 -0.0739611610770226 0.130854353308678 1.63800001144409 1
658 -0.0739611610770226 0.125165030360222 1.63800001144409 1
659 -0.0739611610770226 0.119475707411766 1.63800001144409 1
660 -0.0739611610770226 0.113786391913891 1.63800001144409 1
661 -0.0739611610770226 0.108097068965435 1.63800001144409 1
662 -0.0735999345779419 0.101907588541508 1.62999999523163 1
663 -0.0739611610770226 0.096718430519104 1.63800001144409 1
664 -0.0739611610770226 0.0910291150212288 1.63800001144409 1
665 -0.0739611610770226 0.085339792072773 1.63800001144409 1
666 -0.0739611610770226 0.0796504765748978 1.63800001144409 1
667 -0.0739611610770226 0.073961153626442 1.63800001144409 1
668 -0.0739611610770226 0.0682718306779861 1.63800001144409 1
669 -0.0742772296071053 0.0628499612212181 1.64499998092651 1
670 -0.0746384561061859 0.0574141964316368 1.65299999713898 1
671 -0.0746384561061859 0.051672775298357 1.65299999713898 1
672 -0.0749996826052666 0.046153649687767 1.66100001335144 1
673 -0.0753609165549278 0.0405789501965046 1.6690000295639 1
674 -0.0753609165549278 0.0347819589078426 1.6690000295639 1
675 -0.0753609165549278 0.0289849638938904 1.6690000295639 1
676 -0.0757221430540085 0.0232991185039282 1.67700004577637 1
677 -0.0757221430540085 0.0174743384122849 1.67700004577637 1
678 -0.0757221430540085 0.0116495592519641 1.67700004577637 1
679 -0.0757221430540085 0.00582477962598205 1.67700004577637 1
680 -0.0753609165549278 0 1.6690000295639 1
681 -0.0753609165549278 -0.00579699268564582 1.6690000295639 1
682 -0.0749996826052666 -0.0115384124219418 1.66100001335144 1
683 -0.0742772296071053 -0.0171408988535404 1.64499998092651 1
684 -0.0739611610770226 -0.0227572787553072 1.63800001144409 1
685 -0.0732387080788612 -0.0281687304377556 1.62199997901917 1
686 -0.0720230415463448 0.294094055891037 1.72800004482269 1
687 -0.0716479197144508 0.286591649055481 1.71899998188019 1
688 -0.0709393620491028 0.277845799922943 1.70200002193451 1
689 -0.0702724754810333 0.269377827644348 1.68599998950958 1
690 -0.0695639178156853 0.260864675045013 1.6690000295639 1
691 -0.0688970386981964 0.252622455358505 1.65299999713898 1
692 -0.0688970386981964 0.246881037950516 1.65299999713898 1
693 -0.0685635954141617 0.239972576498985 1.64499998092651 1
694 -0.0688970386981964 0.235398203134537 1.65299999713898 1
695 -0.0688970386981964 0.229656785726547 1.65299999713898 1
696 -0.0685635954141617 0.222831681370735 1.64499998092651 1
697 -0.0685635954141617 0.217118039727211 1.64499998092651 1
698 -0.0685635954141617 0.211404412984848 1.64499998092651 1
699 -0.0685635954141617 0.205690786242485 1.64499998092651 1
700 -0.0685635954141617 0.199977144598961 1.64499998092651 1
701 -0.0685635954141617 0.194263517856598 1.64499998092651 1
702 -0.0685635954141617 0.188549876213074 1.64499998092651 1
703 -0.0685635954141617 0.182836249470711 1.64499998092651 1
704 -0.0685635954141617 0.177122622728348 1.64499998092651 1
705 -0.0688970386981964 0.17224258184433 1.65299999713898 1
706 -0.0688970386981964 0.16650116443634 1.65299999713898 1
707 -0.0685635954141617 0.159981712698936 1.64499998092651 1
708 -0.0685635954141617 0.154268085956573 1.64499998092651 1
709 -0.0685635954141617 0.148554444313049 1.64499998092651 1
710 -0.0685635954141617 0.142840817570686 1.64499998092651 1
711 -0.0685635954141617 0.137127190828323 1.64499998092651 1
712 -0.0682718381285667 0.130854353308678 1.63800001144409 1
713 -0.0682718381285667 0.125165030360222 1.63800001144409 1
714 -0.0682718381285667 0.119475707411766 1.63800001144409 1
715 -0.0682718381285667 0.113786391913891 1.63800001144409 1
716 -0.0682718381285667 0.108097068965435 1.63800001144409 1
717 -0.0682718381285667 0.10240775346756 1.63800001144409 1
718 -0.0682718381285667 0.096718430519104 1.63800001144409 1
719 -0.0682718381285667 0.0910291150212288 1.63800001144409 1
720 -0.0682718381285667 0.085339792072773 1.63800001144409 1
721 -0.0682718381285667 0.0796504765748978 1.63800001144409 1
722 -0.0682718381285667 0.073961153626442 1.63800001144409 1
723 -0.0682718381285667 0.0682718306779861 1.63800001144409 1
724 -0.0685635954141617 0.0628499612212181 1.64499998092651 1
725 -0.0685635954141617 0.0571363270282745 1.64499998092651 1
726 -0.0688970386981964 0.051672775298357 1.65299999713898 1
727 -0.0692304819822311 0.046153649687767 1.66100001335144 1
728 -0.0695639178156853 0.0405789501965046 1.6690000295639 1
729 -0.0695639178156853 0.0347819589078426 1.6690000295639 1
730 -0.06989736109972 0.0291238985955715 1.67700004577637 1
731 -0.06989736109972 0.0232991185039282 1.67700004577637 1
732 -0.06989736109972 0.0174743384122849 1.67700004577637 1
733 -0.06989736109972 0.0116495592519641 1.67700004577637 1
734 -0.06989736109972 0.00582477962598205 1.67700004577637 1
735 -0.06989736109972 0 1.67700004577637 1
736 -0.0695639178156853 -0.00579699268564582 1.6690000295639 1
737 -0.0692304819822311 -0.0115384124219418 1.66100001335144 1
738 -0.0688970386981964 -0.017224257811904 1.65299999713898 1
739 -0.0685635954141617 -0.0228545311838388 1.64499998092651 1
740 -0.0682718381285667 -0.0284465979784727 1.63800001144409 1
741 -0.067938394844532 -0.033969197422266 1.62999999523163 1
742 -0.0656772553920746 0.292562305927277 1.71899998188019 1
743 -0.0656772553920746 0.286591649055481 1.71899998188019 1
744 -0.064722090959549 0.276539832353592 1.69400000572205 1
745 -0.0637669265270233 0.266661673784256 1.6690000295639 1
746 -0.0634612739086151 0.259614288806915 1.66100001335144 1
747 -0.0631556212902069 0.252622455358505 1.65299999713898 1
748 -0.0631556212902069 0.246881037950516 1.65299999713898 1
749 -0.0628499612212181 0.239972576498985 1.64499998092651 1
750 -0.0631556212902069 0.235398203134537 1.65299999713898 1
751 -0.0631556212902069 0.229656785726547 1.65299999713898 1
752 -0.0628499612212181 0.222831681370735 1.64499998092651 1
753 -0.0628499612212181 0.217118039727211 1.64499998092651 1
754 -0.0628499612212181 0.211404412984848 1.64499998092651 1
755 -0.0625825226306915 0.20481550693512 1.63800001144409 1
756 -0.0625825226306915 0.199126183986664 1.63800001144409 1
757 -0.0625825226306915 0.193436861038208 1.63800001144409 1
758 -0.0628499612212181 0.188549876213074 1.64499998092651 1
759 -0.0628499612212181 0.182836249470711 1.64499998092651 1
760 -0.0628499612212181 0.177122622728348 1.64499998092651 1
761 -0.0631556212902069 0.17224258184433 1.65299999713898 1
762 -0.0631556212902069 0.16650116443634 1.65299999713898 1
763 -0.0631556212902069 0.160759747028351 1.65299999713898 1
764 -0.0628499612212181 0.154268085956573 1.64499998092651 1
765 -0.0628499612212181 0.148554444313049 1.64499998092651 1
766 -0.0625825226306915 0.142232984304428 1.63800001144409 1
767 -0.0625825226306915 0.136543661355972 1.63800001144409 1
768 -0.0625825226306915 0.130854353308678 1.63800001144409 1
769 -0.0625825226306915 0.125165030360222 1.63800001144409 1
770 -0.0625825226306915 0.119475707411766 1.63800001144409 1
771 -0.0625825226306915 0.113786391913891 1.63800001144409 1
772 -0.0625825226306915 0.108097068965435 1.63800001144409 1
773 -0.0625825226306915 0.10240775346756 1.63800001144409 1
774 -0.0625825226306915 0.096718430519104 1.63800001144409 1
775 -0.0625825226306915 0.0910291150212288 1.63800001144409 1
776 -0.0625825226306915 0.085339792072773 1.63800001144409 1
777 -0.0625825226306915 0.0796504765748978 1.63800001144409 1
778 -0.0625825226306915 0.073961153626442 1.63800001144409 1
779 -0.0625825226306915 0.0682718306779861 1.63800001144409 1
780 -0.0628499612212181 0.0628499612212181 1.64499998092651 1
781 -0.0628499612212181 0.0571363270282745 1.64499998092651 1
782 -0.0631556212902069 0.051672775298357 1.65299999713898 1
783 -0.0634612739086151 0.046153649687767 1.66100001335144 1
784 -0.0637669265270233 0.0405789501965046 1.6690000295639 1
785 -0.0637669265270233 0.0347819589078426 1.6690000295639 1
786 -0.0640725791454315 0.0291238985955715 1.67700004577637 1
787 -0.0640725791454315 0.0232991185039282 1.67700004577637 1
788 -0.0640725791454315 0.0174743384122849 1.67700004577637 1
789 -0.0640725791454315 0.0116495592519641 1.67700004577637 1
790 -0.0640725791454315 0.00582477962598205 1.67700004577637 1
791 -0.0640725791454315 0 1.67700004577637 1
792 -0.0637669265270233 -0.00579699268564582 1.6690000295639 1
793 -0.0637669265270233 -0.0115939853712916 1.6690000295639 1
794 -0.0631556212902069 -0.017224257811904 1.65299999713898 1
795 -0.0628499612212181 -0.0228545311838388 1.64499998092651 1
796 -0.0625825226306915 -0.0284465979784727 1.63800001144409 1
797 -0.062276866286993 -0.033969197422266 1.62999999523163 1
798 -0.059428732842207 0.285257875919342 1.71099996566772 1
799 -0.0588382668793201 0.276539832353592 1.69400000572205 1
800 -0.0579699315130711 0.266661673784256 1.6690000295639 1
801 -0.0576920658349991 0.259614288806915 1.66100001335144 1
802 -0.0574142001569271 0.252622455358505 1.65299999713898 1
803 -0.0574142001569271 0.246881037950516 1.65299999713898 1
804 -0.0574142001569271 0.241139620542526 1.65299999713898 1
805 -0.0574142001569271 0.235398203134537 1.65299999713898 1
806 -0.0574142001569271 0.229656785726547 1.65299999713898 1
807 -0.0571363307535648 0.222831681370735 1.64499998092651 1
808 -0.0571363307535648 0.217118039727211 1.64499998092651 1
809 -0.0568931996822357 0.210504829883575 1.63800001144409 1
810 -0.0568931996822357 0.20481550693512 1.63800001144409 1
811 -0.0568931996822357 0.199126183986664 1.63800001144409 1
812 -0.0571363307535648 0.194263517856598 1.64499998092651 1
813 -0.0571363307535648 0.188549876213074 1.64499998092651 1
814 -0.0571363307535648 0.182836249470711 1.64499998092651 1
815 -0.0571363307535648 0.177122622728348 1.64499998092651 1
816 -0.0574142001569271 0.17224258184433 1.65299999713898 1
817 -0.0574142001569271 0.16650116443634 1.65299999713898 1
818 -0.0571363307535648 0.159981712698936 1.64499998092651 1
819 -0.0571363307535648 0.154268085956573 1.64499998092651 1
820 -0.0568931996822357 0.147922307252884 1.63800001144409 1
821 -0.0566153302788734 0.141538321971893 1.62999999523163 1
822 -0.0566153302788734 0.135876789689064 1.62999999523163 1
823 -0.0566153302788734 0.130215257406235 1.62999999523163 1
824 -0.0568931996822357 0.125165030360222 1.63800001144409 1
825 -0.0566153302788734 0.118892185389996 1.62999999523163 1
826 -0.0566153302788734 0.113230653107166 1.62999999523163 1
827 -0.0566153302788734 0.107569120824337 1.62999999523163 1
828 -0.0566153302788734 0.101907588541508 1.62999999523163 1
829 -0.0568931996822357 0.096718430519104 1.63800001144409 1
830 -0.0568931996822357 0.0910291150212288 1.63800001144409 1
831 -0.0568931996822357 0.085339792072773 1.63800001144409 1
832 -0.0568931996822357 0.0796504765748978 1.63800001144409 1
833 -0.0568931996822357 0.073961153626442 1.63800001144409 1
834 -0.0568931996822357 0.0682718306779861 1.63800001144409 1
835 -0.0571363307535648 0.0628499612212181 1.64499998092651 1
836 -0.0571363307535648 0.0571363270282745 1.64499998092651 1
837 -0.0574142001569271 0.051672775298357 1.65299999713898 1
838 -0.0576920658349991 0.046153649687767 1.66100001335144 1
839 -0.0579699315130711 0.0405789501965046 1.6690000295639 1
840 -0.0582478009164333 0.0349486768245697 1.67700004577637 1
841 -0.0582478009164333 0.0291238985955715 1.67700004577637 1
842 -0.0585603974759579 0.0234241578727961 1.68599998950958 1
843 -0.0585603974759579 0.0175681188702583 1.68599998950958 1
844 -0.0585603974759579 0.011712078936398 1.68599998950958 1
845 -0.0585603974759579 0.00585603946819901 1.68599998950958 1
846 -0.0585603974759579 0 1.68599998950958 1
847 -0.0582478009164333 -0.00582477962598205 1.67700004577637 1
848 -0.0579699315130711 -0.0115939853712916 1.6690000295639 1
849 -0.0576920658349991 -0.0173076186329126 1.66100001335144 1
850 -0.0571363307535648 -0.0228545311838388 1.64499998092651 1
851 -0.0568931996822357 -0.0284465979784727 1.63800001144409 1
852 -0.0568931996822357 -0.0341359153389931 1.63800001144409 1
853 -0.0527043603360653 0.275233864784241 1.68599998950958 1
854 -0.0521729402244091 0.266661673784256 1.6690000295639 1
855 -0.0519228577613831 0.259614288806915 1.66100001335144 1
856 -0.0516727790236473 0.252622455358505 1.65299999713898 1
857 -0.0516727790236473 0.246881037950516 1.65299999713898 1
858 -0.0516727790236473 0.241139620542526 1.65299999713898 1
859 -0.0516727790236473 0.235398203134537 1.65299999713898 1
860 -0.0516727790236473 0.229656785726547 1.65299999713898 1
861 -0.0514227002859116 0.222831681370735 1.64499998092651 1
862 -0.0514227002859116 0.217118039727211 1.64499998092651 1
863 -0.0514227002859116 0.211404412984848 1.64499998092651 1
864 -0.0512038804590702 0.20481550693512 1.63800001144409 1
865 -0.0514227002859116 0.199977144598961 1.64499998092651 1
866 -0.0514227002859116 0.194263517856598 1.64499998092651 1
867 -0.0514227002859116 0.188549876213074 1.64499998092651 1
868 -0.0514227002859116 0.182836249470711 1.64499998092651 1
869 -0.0514227002859116 0.177122622728348 1.64499998092651 1
870 -0.0514227002859116 0.171408981084824 1.64499998092651 1
871 -0.0514227002859116 0.165695354342461 1.64499998092651 1
872 -0.0514227002859116 0.159981712698936 1.64499998092651 1
873 -0.0512038804590702 0.15361163020134 1.63800001144409 1
874 -0.0509537979960442 0.147199854254723 1.62999999523163 1
875 -0.0507037192583084 0.140843644738197 1.62199997901917 1
876 -0.0507037192583084 0.135209903120995 1.62199997901917 1
877 -0.0507037192583084 0.129576161503792 1.62199997901917 1
878 -0.0509537979960442 0.124553725123405 1.62999999523163 1
879 -0.0509537979960442 0.118892185389996 1.62999999523163 1
880 -0.0509537979960442 0.113230653107166 1.62999999523163 1
881 -0.0509537979960442 0.107569120824337 1.62999999523163 1
882 -0.0509537979960442 0.101907588541508 1.62999999523163 1
883 -0.0512038804590702 0.096718430519104 1.63800001144409 1
884 -0.0512038804590702 0.0910291150212288 1.63800001144409 1
885 -0.0512038804590702 0.085339792072773 1.63800001144409 1
886 -0.0512038804590702 0.0796504765748978 1.63800001144409 1
887 -0.0512038804590702 0.073961153626442 1.63800001144409 1
888 -0.0512038804590702 0.0682718306779861 1.63800001144409 1
889 -0.0514227002859116 0.0628499612212181 1.64499998092651 1
890 -0.0514227002859116 0.0571363270282745 1.64499998092651 1
891 -0.0516727790236473 0.051672775298357 1.65299999713898 1
892 -0.0521729402244091 0.0463759414851666 1.6690000295639 1
893 -0.0524230189621449 0.0407734587788582 1.67700004577637 1
894 -0.0524230189621449 0.0349486768245697 1.67700004577637 1
895 -0.0527043603360653 0.0292801968753338 1.68599998950958 1
896 -0.052954439073801 0.0235353037714958 1.69400000572205 1
897 -0.052954439073801 0.0176514778286219 1.69400000572205 1
898 -0.052954439073801 0.0117676518857479 1.69400000572205 1
899 -0.052954439073801 0.00588382594287395 1.69400000572205 1
900 -0.0527043603360653 0 1.68599998950958 1
901 -0.0524230189621449 -0.00582477962598205 1.67700004577637 1
902 -0.0521729402244091 -0.0115939853712916 1.6690000295639 1
903 -0.0519228577613831 -0.0173076186329126 1.66100001335144 1
904 -0.0514227002859116 -0.0228545311838388 1.64499998092651 1
905 -0.0514227002859116 -0.0285681635141373 1.64499998092651 1
906 -0.0512038804590702 -0.0341359153389931 1.63800001144409 1
907 -0.0507037192583084 -0.0394362211227417 1.62199997901917 1
908 -0.0463759452104568 0.272458672523499 1.6690000295639 1
909 -0.0461536534130573 0.26538348197937 1.66100001335144 1
910 -0.0461536534130573 0.259614288806915 1.66100001335144 1
911 -0.0461536534130573 0.253845065832138 1.66100001335144 1
912 -0.0461536534130573 0.248075872659683 1.66100001335144 1
913 -0.0461536534130573 0.242306664586067 1.66100001335144 1
914 -0.0459313578903675 0.235398203134537 1.65299999713898 1
915 -0.0459313578903675 0.229656785726547 1.65299999713898 1
916 -0.045709066092968 0.222831681370735 1.64499998092651 1
917 -0.045709066092968 0.217118039727211 1.64499998092651 1
918 -0.045709066092968 0.211404412984848 1.64499998092651 1
919 -0.045709066092968 0.205690786242485 1.64499998092651 1
920 -0.045709066092968 0.199977144598961 1.64499998092651 1
921 -0.045709066092968 0.194263517856598 1.64499998092651 1
922 -0.045709066092968 0.188549876213074 1.64499998092651 1
923 -0.045709066092968 0.182836249470711 1.64499998092651 1
924 -0.045709066092968 0.177122622728348 1.64499998092651 1
925 -0.045709066092968 0.171408981084824 1.64499998092651 1
926 -0.045709066092968 0.165695354342461 1.64499998092651 1
927 -0.0455145612359047 0.159300953149796 1.63800001144409 1
928 -0.0452922657132149 0.152861386537552 1.62999999523163 1
929 -0.0450699701905251 0.146477401256561 1.62199997901917 1
930 -0.0450699701905251 0.140843644738197 1.62199997901917 1
931 -0.0450699701905251 0.135209903120995 1.62199997901917 1
932 -0.0450699701905251 0.129576161503792 1.62199997901917 1
933 -0.0452922657132149 0.124553725123405 1.62999999523163 1
934 -0.0452922657132149 0.118892185389996 1.62999999523163 1
935 -0.0450699701905251 0.112674921751022 1.62199997901917 1
936 -0.0450699701905251 0.107041172683239 1.62199997901917 1
937 -0.0452922657132149 0.101907588541508 1.62999999523163 1
938 -0.0452922657132149 0.0962460562586784 1.62999999523163 1
939 -0.0455145612359047 0.0910291150212288 1.63800001144409 1
940 -0.0455145612359047 0.085339792072773 1.63800001144409 1
941 -0.0455145612359047 0.0796504765748978 1.63800001144409 1
942 -0.0455145612359047 0.073961153626442 1.63800001144409 1
943 -0.0455145612359047 0.0682718306779861 1.63800001144409 1
944 -0.045709066092968 0.0628499612212181 1.64499998092651 1
945 -0.0459313578903675 0.0574141964316368 1.65299999713898 1
946 -0.0461536534130573 0.0519228540360928 1.66100001335144 1
947 -0.0463759452104568 0.0463759414851666 1.6690000295639 1
948 -0.0465982407331467 0.0407734587788582 1.67700004577637 1
949 -0.0468483194708824 0.0351362377405167 1.68599998950958 1
950 -0.0470706112682819 0.0294191315770149 1.69400000572205 1
951 -0.0470706112682819 0.0235353037714958 1.69400000572205 1
952 -0.0472929067909718 0.0177348386496305 1.70200002193451 1
953 -0.0470706112682819 0.0117676518857479 1.69400000572205 1
954 -0.0470706112682819 0.00588382594287395 1.69400000572205 1
955 -0.0470706112682819 0 1.69400000572205 1
956 -0.0468483194708824 -0.00585603946819901 1.68599998950958 1
957 -0.0465982407331467 -0.0116495592519641 1.67700004577637 1
958 -0.0461536534130573 -0.0173076186329126 1.66100001335144 1
959 -0.0459313578903675 -0.0229656770825386 1.65299999713898 1
960 -0.045709066092968 -0.0285681635141373 1.64499998092651 1
961 -0.0455145612359047 -0.0341359153389931 1.63800001144409 1
962 -0.0450699701905251 -0.0394362211227417 1.62199997901917 1
963 -0.0403844453394413 0.271152704954147 1.66100001335144 1
964 -0.0403844453394413 0.26538348197937 1.66100001335144 1
965 -0.0403844453394413 0.259614288806915 1.66100001335144 1
966 -0.0403844453394413 0.253845065832138 1.66100001335144 1
967 -0.0403844453394413 0.248075872659683 1.66100001335144 1
968 -0.0403844453394413 0.242306664586067 1.66100001335144 1
969 -0.0403844453394413 0.236537456512451 1.66100001335144 1
970 -0.040189940482378 0.229656785726547 1.65299999713898 1
971 -0.040189940482378 0.223915353417397 1.65299999713898 1
972 -0.0399954319000244 0.217118039727211 1.64499998092651 1
973 -0.0399954319000244 0.211404412984848 1.64499998092651 1
974 -0.0399954319000244 0.205690786242485 1.64499998092651 1
975 -0.0399954319000244 0.199977144598961 1.64499998092651 1
976 -0.0399954319000244 0.194263517856598 1.64499998092651 1
977 -0.0399954319000244 0.188549876213074 1.64499998092651 1
978 -0.0399954319000244 0.182836249470711 1.64499998092651 1
979 -0.0399954319000244 0.177122622728348 1.64499998092651 1
980 -0.0399954319000244 0.171408981084824 1.64499998092651 1
981 -0.0399954319000244 0.165695354342461 1.64499998092651 1
982 -0.0398252382874489 0.159300953149796 1.63800001144409 1
983 -0.0398252382874489 0.15361163020134 1.63800001144409 1
984 -0.0396307334303856 0.147199854254723 1.62999999523163 1
985 -0.039436224848032 0.140843644738197 1.62199997901917 1
986 -0.039436224848032 0.135209903120995 1.62199997901917 1
987 -0.0396307334303856 0.130215257406235 1.62999999523163 1
988 -0.0398252382874489 0.125165030360222 1.63800001144409 1
989 -0.0398252382874489 0.119475707411766 1.63800001144409 1
990 -0.0396307334303856 0.113230653107166 1.62999999523163 1
991 -0.0396307334303856 0.107569120824337 1.62999999523163 1
992 -0.0396307334303856 0.101907588541508 1.62999999523163 1
993 -0.0398252382874489 0.096718430519104 1.63800001144409 1
994 -0.0398252382874489 0.0910291150212288 1.63800001144409 1
995 -0.0398252382874489 0.085339792072773 1.63800001144409 1
996 -0.0399954319000244 0.0799908563494682 1.64499998092651 1
997 -0.0399954319000244 0.0742772221565247 1.64499998092651 1
998 -0.0399954319000244 0.0685635954141617 1.64499998092651 1
999 -0.040189940482378 0.0631556138396263 1.65299999713898 1
1000 -0.0403844453394413 0.0576920621097088 1.66100001335144 1
1001 -0.0405789539217949 0.0521729364991188 1.6690000295639 1
1002 -0.0407734587788582 0.0465982370078564 1.67700004577637 1
1003 -0.0409922786056995 0.0409922748804092 1.68599998950958 1
1004 -0.0411867871880531 0.0353029556572437 1.69400000572205 1
1005 -0.0413812920451164 0.0295580644160509 1.70200002193451 1
1006 -0.0413812920451164 0.0236464515328407 1.70200002193451 1
1007 -0.0413812920451164 0.0177348386496305 1.70200002193451 1
1008 -0.0413812920451164 0.0118232257664204 1.70200002193451 1
1009 -0.0413812920451164 0.00591161288321018 1.70200002193451 1
1010 -0.0413812920451164 0 1.70200002193451 1
1011 -0.0413812920451164 -0.00591161288321018 1.70200002193451 1
1012 -0.0409922786056995 -0.011712078936398 1.68599998950958 1
1013 -0.0405789539217949 -0.0173909794539213 1.6690000295639 1
1014 -0.040189940482378 -0.0229656770825386 1.65299999713898 1
1015 -0.0399954319000244 -0.0285681635141373 1.64499998092651 1
1016 -0.0396307334303856 -0.033969197422266 1.62999999523163 1
1017 -0.0346152409911156 0.271152704954147 1.66100001335144 1
1018 -0.0347819589078426 0.266661673784256 1.6690000295639 1
1019 -0.0347819589078426 0.260864675045013 1.6690000295639 1
1020 -0.0347819589078426 0.255067676305771 1.6690000295639 1
1021 -0.0347819589078426 0.24927069246769 1.6690000295639 1
1022 -0.0346152409911156 0.242306664586067 1.66100001335144 1
1023 -0.0346152409911156 0.236537456512451 1.66100001335144 1
1024 -0.0346152409911156 0.230768248438835 1.66100001335144 1
1025 -0.0344485193490982 0.223915353417397 1.65299999713898 1
1026 -0.0342817977070808 0.217118039727211 1.64499998092651 1
1027 -0.0342817977070808 0.211404412984848 1.64499998092651 1
1028 -0.0342817977070808 0.205690786242485 1.64499998092651 1
1029 -0.0342817977070808 0.199977144598961 1.64499998092651 1
1030 -0.0342817977070808 0.194263517856598 1.64499998092651 1
1031 -0.0342817977070808 0.188549876213074 1.64499998092651 1
1032 -0.0342817977070808 0.182836249470711 1.64499998092651 1
1033 -0.0342817977070808 0.177122622728348 1.64499998092651 1
1034 -0.0342817977070808 0.171408981084824 1.64499998092651 1
1035 -0.0342817977070808 0.165695354342461 1.64499998092651 1
1036 -0.0342817977070808 0.159981712698936 1.64499998092651 1
1037 -0.0342817977070808 0.154268085956573 1.64499998092651 1
1038 -0.0341359190642834 0.147922307252884 1.63800001144409 1
1039 -0.033969197422266 0.141538321971893 1.62999999523163 1
1040 -0.033969197422266 0.135876789689064 1.62999999523163 1
1041 -0.0341359190642834 0.130854353308678 1.63800001144409 1
1042 -0.0341359190642834 0.125165030360222 1.63800001144409 1
1043 -0.0341359190642834 0.119475707411766 1.63800001144409 1
1044 -0.0341359190642834 0.113786391913891 1.63800001144409 1
1045 -0.0341359190642834 0.108097068965435 1.63800001144409 1
1046 -0.0341359190642834 0.10240775346756 1.63800001144409 1
1047 -0.0341359190642834 0.096718430519104 1.63800001144409 1
1048 -0.0341359190642834 0.0910291150212288 1.63800001144409 1
1049 -0.0342817977070808 0.0857044905424118 1.64499998092651 1
1050 -0.0342817977070808 0.0799908563494682 1.64499998092651 1
1051 -0.0344485193490982 0.0746384561061859 1.65299999713898 1
1052 -0.0346152409911156 0.0692304745316505 1.66100001335144 1
1053 -0.0346152409911156 0.0634612664580345 1.66100001335144 1
1054 -0.0347819589078426 0.0579699277877808 1.6690000295639 1
1055 -0.03494868054986 0.0524230152368546 1.67700004577637 1
1056 -0.035302959382534 0.0470706075429916 1.69400000572205 1
1057 -0.0354696810245514 0.0413812883198261 1.70200002193451 1
1058 -0.0354696810245514 0.0354696772992611 1.70200002193451 1
1059 -0.0356572382152081 0.0297143626958132 1.71099996566772 1
1060 -0.0356572382152081 0.0237714909017086 1.71099996566772 1
1061 -0.0356572382152081 0.0178286172449589 1.71099996566772 1
1062 -0.0356572382152081 0.0118857454508543 1.71099996566772 1
1063 -0.0354696810245514 0.00591161288321018 1.70200002193451 1
1064 -0.0354696810245514 0 1.70200002193451 1
1065 -0.0354696810245514 -0.00591161288321018 1.70200002193451 1
1066 -0.0351362377405167 -0.011712078936398 1.68599998950958 1
1067 -0.0346152409911156 -0.0173076186329126 1.66100001335144 1
1068 -0.0344485193490982 -0.0229656770825386 1.65299999713898 1
1069 -0.0342817977070808 -0.0285681635141373 1.64499998092651 1
1070 -0.033969197422266 -0.033969197422266 1.62999999523163 1
1071 -0.0338024795055389 -0.0394362211227417 1.62199997901917 1
1072 -0.0289849657565355 0.272458672523499 1.6690000295639 1
1073 -0.0289849657565355 0.266661673784256 1.6690000295639 1
1074 -0.0289849657565355 0.260864675045013 1.6690000295639 1
1075 -0.0289849657565355 0.255067676305771 1.6690000295639 1
1076 -0.0289849657565355 0.24927069246769 1.6690000295639 1
1077 -0.0289849657565355 0.243473708629608 1.6690000295639 1
1078 -0.0289849657565355 0.237676709890366 1.6690000295639 1
1079 -0.0288460329174995 0.230768248438835 1.66100001335144 1
1080 -0.0287071000784636 0.223915353417397 1.65299999713898 1
1081 -0.0287071000784636 0.218173936009407 1.65299999713898 1
1082 -0.0285681653767824 0.211404412984848 1.64499998092651 1
1083 -0.0285681653767824 0.205690786242485 1.64499998092651 1
1084 -0.0285681653767824 0.199977144598961 1.64499998092651 1
1085 -0.0285681653767824 0.194263517856598 1.64499998092651 1
1086 -0.0285681653767824 0.188549876213074 1.64499998092651 1
1087 -0.0285681653767824 0.182836249470711 1.64499998092651 1
1088 -0.0287071000784636 0.177983999252319 1.65299999713898 1
1089 -0.0287071000784636 0.17224258184433 1.65299999713898 1
1090 -0.0287071000784636 0.16650116443634 1.65299999713898 1
1091 -0.0287071000784636 0.160759747028351 1.65299999713898 1
1092 -0.0287071000784636 0.155018329620361 1.65299999713898 1
1093 -0.0285681653767824 0.148554444313049 1.64499998092651 1
1094 -0.0285681653767824 0.142840817570686 1.64499998092651 1
1095 -0.0285681653767824 0.137127190828323 1.64499998092651 1
1096 -0.0285681653767824 0.131413549184799 1.64499998092651 1
1097 -0.0285681653767824 0.125699922442436 1.64499998092651 1
1098 -0.0285681653767824 0.119986288249493 1.64499998092651 1
1099 -0.0285681653767824 0.114272654056549 1.64499998092651 1
1100 -0.0285681653767824 0.108559019863605 1.64499998092651 1
1101 -0.0285681653767824 0.102845393121243 1.64499998092651 1
1102 -0.0285681653767824 0.097131758928299 1.64499998092651 1
1103 -0.0285681653767824 0.0914181247353554 1.64499998092651 1
1104 -0.0287071000784636 0.0861212909221649 1.65299999713898 1
1105 -0.0287071000784636 0.0803798735141754 1.65299999713898 1
1106 -0.0288460329174995 0.0749996826052666 1.66100001335144 1
1107 -0.0289849657565355 0.0695639178156853 1.6690000295639 1
1108 -0.0289849657565355 0.0637669190764427 1.6690000295639 1
1109 -0.0289849657565355 0.0579699277877808 1.6690000295639 1
1110 -0.0291239004582167 0.0524230152368546 1.67700004577637 1
1111 -0.0294191334396601 0.0470706075429916 1.69400000572205 1
1112 -0.0295580662786961 0.0413812883198261 1.70200002193451 1
1113 -0.0297143664211035 0.0356572344899178 1.71099996566772 1
1114 -0.0297143664211035 0.0297143626958132 1.71099996566772 1
1115 -0.0297143664211035 0.0237714909017086 1.71099996566772 1
1116 -0.0297143664211035 0.0178286172449589 1.71099996566772 1
1117 -0.0297143664211035 0.0118857454508543 1.71099996566772 1
1118 -0.0297143664211035 0.00594287272542715 1.71099996566772 1
1119 -0.0295580662786961 0 1.70200002193451 1
1120 -0.0295580662786961 -0.00591161288321018 1.70200002193451 1
1121 -0.0292801987379789 -0.011712078936398 1.68599998950958 1
1122 -0.0289849657565355 -0.0173909794539213 1.6690000295639 1
1123 -0.0287071000784636 -0.0229656770825386 1.65299999713898 1
1124 -0.0284465998411179 -0.0284465979784727 1.63800001144409 1
1125 -0.0283076651394367 -0.033969197422266 1.62999999523163 1
1126 -0.0281687323004007 -0.0394362211227417 1.62199997901917 1
1127 -0.0234241597354412 0.275233864784241 1.68599998950958 1
1128 -0.0232991203665733 0.267939865589142 1.67700004577637 1
1129 -0.0232991203665733 0.262115091085434 1.67700004577637 1
1130 -0.0232991203665733 0.256290316581726 1.67700004577637 1
1131 -0.0232991203665733 0.250465512275696 1.67700004577637 1
1132 -0.0232991203665733 0.244640737771988 1.67700004577637 1
1133 -0.0231879726052284 0.237676709890366 1.6690000295639 1
1134 -0.0231879726052284 0.231879711151123 1.6690000295639 1
1135 -0.0229656789451838 0.223915353417397 1.65299999713898 1
1136 -0.0229656789451838 0.218173936009407 1.65299999713898 1
1137 -0.022854533046484 0.211404412984848 1.64499998092651 1
1138 -0.022854533046484 0.205690786242485 1.64499998092651 1
1139 -0.022854533046484 0.199977144598961 1.64499998092651 1
1140 -0.022854533046484 0.194263517856598 1.64499998092651 1
1141 -0.022854533046484 0.188549876213074 1.64499998092651 1
1142 -0.0229656789451838 0.183725416660309 1.65299999713898 1
1143 -0.0229656789451838 0.177983999252319 1.65299999713898 1
1144 -0.0230768267065287 0.173076182603836 1.66100001335144 1
1145 -0.0230768267065287 0.16730697453022 1.66100001335144 1
1146 -0.0230768267065287 0.161537766456604 1.66100001335144 1
1147 -0.0230768267065287 0.155768573284149 1.66100001335144 1
1148 -0.0230768267065287 0.149999365210533 1.66100001335144 1
1149 -0.0230768267065287 0.144230157136917 1.66100001335144 1
1150 -0.0230768267065287 0.138460949063301 1.66100001335144 1
1151 -0.0230768267065287 0.132691740989685 1.66100001335144 1
1152 -0.0229656789451838 0.126311227679253 1.65299999713898 1
1153 -0.0229656789451838 0.120569810271263 1.65299999713898 1
1154 -0.022854533046484 0.114272654056549 1.64499998092651 1
1155 -0.022854533046484 0.108559019863605 1.64499998092651 1
1156 -0.0229656789451838 0.103345550596714 1.65299999713898 1
1157 -0.0229656789451838 0.0976041331887245 1.65299999713898 1
1158 -0.0229656789451838 0.0918627083301544 1.65299999713898 1
1159 -0.0230768267065287 0.086538091301918 1.66100001335144 1
1160 -0.0231879726052284 0.0811579003930092 1.6690000295639 1
1161 -0.0231879726052284 0.0753609091043472 1.6690000295639 1
1162 -0.0231879726052284 0.0695639178156853 1.6690000295639 1
1163 -0.0231879726052284 0.0637669190764427 1.6690000295639 1
1164 -0.0232991203665733 0.058247797191143 1.67700004577637 1
1165 -0.023535305634141 0.0529544353485107 1.69400000572205 1
1166 -0.0237714927643538 0.0475429818034172 1.71099996566772 1
1167 -0.0237714927643538 0.0416001081466675 1.71099996566772 1
1168 -0.0237714927643538 0.0356572344899178 1.71099996566772 1
1169 -0.0238826386630535 0.0298532973974943 1.71899998188019 1
1170 -0.0238826386630535 0.0238826368004084 1.71899998188019 1
1171 -0.0238826386630535 0.0179119780659676 1.71899998188019 1
1172 -0.0237714927643538 0.0118857454508543 1.71099996566772 1
1173 -0.0237714927643538 0.00594287272542715 1.71099996566772 1
1174 -0.0236464533954859 0 1.70200002193451 1
1175 -0.0236464533954859 -0.00591161288321018 1.70200002193451 1
1176 -0.0232991203665733 -0.0116495592519641 1.67700004577637 1
1177 -0.0230768267065287 -0.0173076186329126 1.66100001335144 1
1178 -0.0229656789451838 -0.0229656770825386 1.65299999713898 1
1179 -0.022854533046484 -0.0285681635141373 1.64499998092651 1
1180 -0.0227572806179523 -0.0341359153389931 1.63800001144409 1
1181 -0.0227572806179523 -0.0398252382874489 1.63800001144409 1
1182 -0.0227572806179523 -0.0455145575106144 1.63800001144409 1
1183 -0.0177348405122757 0.277845799922943 1.70200002193451 1
1184 -0.0175681188702583 0.269377827644348 1.68599998950958 1
1185 -0.01747434027493 0.262115091085434 1.67700004577637 1
1186 -0.01747434027493 0.256290316581726 1.67700004577637 1
1187 -0.01747434027493 0.250465512275696 1.67700004577637 1
1188 -0.01747434027493 0.244640737771988 1.67700004577637 1
1189 -0.0173909794539213 0.237676709890366 1.6690000295639 1
1190 -0.0173909794539213 0.231879711151123 1.6690000295639 1
1191 -0.0173076204955578 0.224999040365219 1.66100001335144 1
1192 -0.0172242596745491 0.218173936009407 1.65299999713898 1
1193 -0.0172242596745491 0.212432518601418 1.65299999713898 1
1194 -0.0172242596745491 0.206691101193428 1.65299999713898 1
1195 -0.0171408988535404 0.199977144598961 1.64499998092651 1
1196 -0.0171408988535404 0.194263517856598 1.64499998092651 1
1197 -0.0172242596745491 0.18946684896946 1.65299999713898 1
1198 -0.0172242596745491 0.183725416660309 1.65299999713898 1
1199 -0.0173076204955578 0.178845390677452 1.66100001335144 1
1200 -0.0173076204955578 0.173076182603836 1.66100001335144 1
1201 -0.0173076204955578 0.16730697453022 1.66100001335144 1
1202 -0.0173909794539213 0.162315800786018 1.6690000295639 1
1203 -0.0173909794539213 0.156518802046776 1.6690000295639 1
1204 -0.0173909794539213 0.150721818208694 1.6690000295639 1
1205 -0.0173909794539213 0.144924819469452 1.6690000295639 1
1206 -0.0173909794539213 0.139127835631371 1.6690000295639 1
1207 -0.0173076204955578 0.132691740989685 1.66100001335144 1
1208 -0.0173076204955578 0.126922532916069 1.66100001335144 1
1209 -0.0172242596745491 0.120569810271263 1.65299999713898 1
1210 -0.0173076204955578 0.115384124219418 1.66100001335144 1
1211 -0.0173076204955578 0.109614916145802 1.66100001335144 1
1212 -0.0173076204955578 0.103845708072186 1.66100001335144 1
1213 -0.0173909794539213 0.0985488817095757 1.6690000295639 1
1214 -0.0173076204955578 0.0923072993755341 1.66100001335144 1
1215 -0.0173909794539213 0.0869548916816711 1.6690000295639 1
1216 -0.0173909794539213 0.0811579003930092 1.6690000295639 1
1217 -0.0173909794539213 0.0753609091043472 1.6690000295639 1
1218 -0.01747434027493 0.0698973536491394 1.67700004577637 1
1219 -0.01747434027493 0.0640725791454315 1.67700004577637 1
1220 -0.0175681188702583 0.0585603937506676 1.68599998950958 1
1221 -0.017828619107604 0.0534858554601669 1.71099996566772 1
1222 -0.0179119799286127 0.0477652736008167 1.71899998188019 1
1223 -0.0179119799286127 0.0417946167290211 1.71899998188019 1
1224 -0.017828619107604 0.0356572344899178 1.71099996566772 1
1225 -0.0179119799286127 0.0298532973974943 1.71899998188019 1
1226 -0.0180057603865862 0.0240076780319214 1.72800004482269 1
1227 -0.0179119799286127 0.0179119780659676 1.71899998188019 1
1228 -0.017828619107604 0.0118857454508543 1.71099996566772 1
1229 -0.017828619107604 0.00594287272542715 1.71099996566772 1
1230 -0.0177348405122757 0 1.70200002193451 1
1231 -0.017651479691267 -0.00588382594287395 1.69400000572205 1
1232 -0.0173909794539213 -0.0115939853712916 1.6690000295639 1
1233 -0.0172242596745491 -0.017224257811904 1.65299999713898 1
1234 -0.0172242596745491 -0.0229656770825386 1.65299999713898 1
1235 -0.0171408988535404 -0.0285681635141373 1.64499998092651 1
1236 -0.0171408988535404 -0.0342817977070808 1.64499998092651 1
1237 -0.0171408988535404 -0.0399954281747341 1.64499998092651 1
1238 -0.0170679595321417 -0.0455145575106144 1.63800001144409 1
1239 -0.0118857463821769 0.279315024614334 1.71099996566772 1
1240 -0.0118232266977429 0.271934181451797 1.70200002193451 1
1241 -0.0117676528170705 0.264772176742554 1.69400000572205 1
1242 -0.0117120798677206 0.257665723562241 1.68599998950958 1
1243 -0.0116495601832867 0.250465512275696 1.67700004577637 1
1244 -0.0116495601832867 0.244640737771988 1.67700004577637 1
1245 -0.0115939863026142 0.237676709890366 1.6690000295639 1
1246 -0.0115939863026142 0.231879711151123 1.6690000295639 1
1247 -0.0115384133532643 0.224999040365219 1.66100001335144 1
1248 -0.0115384133532643 0.219229832291603 1.66100001335144 1
1249 -0.0115384133532643 0.213460624217987 1.66100001335144 1
1250 -0.0114828394725919 0.206691101193428 1.65299999713898 1
1251 -0.0114828394725919 0.200949683785439 1.65299999713898 1
1252 -0.0114828394725919 0.195208266377449 1.65299999713898 1
1253 -0.0114828394725919 0.18946684896946 1.65299999713898 1
1254 -0.0114828394725919 0.183725416660309 1.65299999713898 1
1255 -0.0115384133532643 0.178845390677452 1.66100001335144 1
1256 -0.0115384133532643 0.173076182603836 1.66100001335144 1
1257 -0.0115939863026142 0.168112799525261 1.6690000295639 1
1258 -0.0115939863026142 0.162315800786018 1.6690000295639 1
1259 -0.0115939863026142 0.156518802046776 1.6690000295639 1
1260 -0.0115939863026142 0.150721818208694 1.6690000295639 1
1261 -0.0115939863026142 0.144924819469452 1.6690000295639 1
1262 -0.0115939863026142 0.139127835631371 1.6690000295639 1
1263 -0.0115939863026142 0.133330836892128 1.6690000295639 1
1264 -0.0115384133532643 0.126922532916069 1.66100001335144 1
1265 -0.0115384133532643 0.121153332293034 1.66100001335144 1
1266 -0.0115384133532643 0.115384124219418 1.66100001335144 1
1267 -0.0115939863026142 0.1101428642869 1.6690000295639 1
1268 -0.0115939863026142 0.104345872998238 1.6690000295639 1
1269 -0.0115939863026142 0.0985488817095757 1.6690000295639 1
1270 -0.0115939863026142 0.0927518829703331 1.6690000295639 1
1271 -0.0115939863026142 0.0869548916816711 1.6690000295639 1
1272 -0.0116495601832867 0.0815469175577164 1.67700004577637 1
1273 -0.0116495601832867 0.0757221356034279 1.67700004577637 1
1274 -0.0116495601832867 0.0698973536491394 1.67700004577637 1
1275 -0.0116495601832867 0.0640725791454315 1.67700004577637 1
1276 -0.0116495601832867 0.058247797191143 1.67700004577637 1
1277 -0.0119413193315268 0.0238826368004084 1.71899998188019 1
1278 -0.0119413193315268 0.0179119780659676 1.71899998188019 1
1279 -0.0118857463821769 0.0118857454508543 1.71099996566772 1
1280 -0.0118232266977429 0.00591161288321018 1.70200002193451 1
1281 -0.0117676528170705 0 1.69400000572205 1
1282 -0.0116495601832867 -0.00582477962598205 1.67700004577637 1
1283 -0.0115939863026142 -0.0115939853712916 1.6690000295639 1
1284 -0.0115384133532643 -0.0173076186329126 1.66100001335144 1
1285 -0.0115384133532643 -0.0230768248438835 1.66100001335144 1
1286 -0.0114828394725919 -0.0287070982158184 1.65299999713898 1
1287 -0.0114828394725919 -0.0344485156238079 1.65299999713898 1
1288 -0.0114828394725919 -0.0401899367570877 1.65299999713898 1
1289 -0.011427266523242 -0.0457090623676777 1.64499998092651 1
1290 -0.00594287319108844 0.279315024614334 1.71099996566772 1
1291 -0.00591161334887147 0.271934181451797 1.70200002193451 1
1292 -0.00588382640853524 0.264772176742554 1.69400000572205 1
1293 -0.00588382640853524 0.258888363838196 1.69400000572205 1
1294 -0.0058560399338603 0.251809686422348 1.68599998950958 1
1295 -0.00582478009164333 0.244640737771988 1.67700004577637 1
1296 -0.00582478009164333 0.23881596326828 1.67700004577637 1
1297 -0.00582478009164333 0.232991188764572 1.67700004577637 1
1298 -0.00579699315130711 0.226082727313042 1.6690000295639 1
1299 -0.00579699315130711 0.220285728573799 1.6690000295639 1
1300 -0.00576920667663217 0.213460624217987 1.66100001335144 1
1301 -0.00576920667663217 0.207691416144371 1.66100001335144 1
1302 -0.00576920667663217 0.201922222971916 1.66100001335144 1
1303 -0.00576920667663217 0.1961530148983 1.66100001335144 1
1304 -0.00576920667663217 0.190383806824684 1.66100001335144 1
1305 -0.00576920667663217 0.184614598751068 1.66100001335144 1
1306 -0.00576920667663217 0.178845390677452 1.66100001335144 1
1307 -0.00576920667663217 0.173076182603836 1.66100001335144 1
1308 -0.00579699315130711 0.168112799525261 1.6690000295639 1
1309 -0.00579699315130711 0.162315800786018 1.6690000295639 1
1310 -0.00582478009164333 0.157269045710564 1.67700004577637 1
1311 -0.00582478009164333 0.151444271206856 1.67700004577637 1
1312 -0.00582478009164333 0.145619496703148 1.67700004577637 1
1313 -0.00582478009164333 0.139794707298279 1.67700004577637 1
1314 -0.00579699315130711 0.133330836892128 1.6690000295639 1
1315 -0.00579699315130711 0.127533838152885 1.6690000295639 1
1316 -0.00579699315130711 0.121736854314804 1.6690000295639 1
1317 -0.00579699315130711 0.115939855575562 1.6690000295639 1
1318 -0.00579699315130711 0.1101428642869 1.6690000295639 1
1319 -0.00579699315130711 0.104345872998238 1.6690000295639 1
1320 -0.00582478009164333 0.0990212559700012 1.67700004577637 1
1321 -0.00579699315130711 0.0927518829703331 1.6690000295639 1
1322 -0.00582478009164333 0.0873716920614243 1.67700004577637 1
1323 -0.00582478009164333 0.0815469175577164 1.67700004577637 1
1324 -0.00582478009164333 0.0757221356034279 1.67700004577637 1
1325 -0.00582478009164333 0.0698973536491394 1.67700004577637 1
1326 -0.00594287319108844 0.0118857454508543 1.71099996566772 1
1327 -0.00591161334887147 0.00591161288321018 1.70200002193451 1
1328 -0.00588382640853524 0 1.69400000572205 1
1329 -0.0058560399338603 -0.00585603946819901 1.68599998950958 1
1330 -0.00579699315130711 -0.0115939853712916 1.6690000295639 1
1331 -0.00579699315130711 -0.0173909794539213 1.6690000295639 1
1332 -0.00579699315130711 -0.0231879707425833 1.6690000295639 1
1333 -0.00579699315130711 -0.0289849638938904 1.6690000295639 1
1334 -0.00576920667663217 -0.0346152372658253 1.66100001335144 1
1335 -0.00576920667663217 -0.040384441614151 1.66100001335144 1
1336 -0.005713633261621 -0.0457090623676777 1.64499998092651 1
1337 0 0.277845799922943 1.70200002193451 1
1338 0 0.271934181451797 1.70200002193451 1
1339 0 0.264772176742554 1.69400000572205 1
1340 0 0.258888363838196 1.69400000572205 1
1341 0 0.251809686422348 1.68599998950958 1
1342 0 0.244640737771988 1.67700004577637 1
1343 0 0.237676709890366 1.6690000295639 1
1344 0 0.231879711151123 1.6690000295639 1
1345 0 0.226082727313042 1.6690000295639 1
1346 0 0.220285728573799 1.6690000295639 1
1347 0 0.213460624217987 1.66100001335144 1
1348 0 0.207691416144371 1.66100001335144 1
1349 0 0.201922222971916 1.66100001335144 1
1350 0 0.1961530148983 1.66100001335144 1
1351 0 0.190383806824684 1.66100001335144 1
1352 0 0.184614598751068 1.66100001335144 1
1353 0 0.178845390677452 1.66100001335144 1
1354 0 0.173076182603836 1.66100001335144 1
1355 0 0.168112799525261 1.6690000295639 1
1356 0 0.162315800786018 1.6690000295639 1
1357 0 0.156518802046776 1.6690000295639 1
1358 0 0.150721818208694 1.6690000295639 1
1359 0 0.144924819469452 1.6690000295639 1
1360 0 0.139127835631371 1.6690000295639 1
1361 0 0.133330836892128 1.6690000295639 1
1362 0 0.126922532916069 1.66100001335144 1
1363 0 0.121153332293034 1.66100001335144 1
1364 0 0.115939855575562 1.6690000295639 1
1365 0 0.109614916145802 1.66100001335144 1
1366 0 0.103845708072186 1.66100001335144 1
1367 0 0.0985488817095757 1.6690000295639 1
1368 0 0.0927518829703331 1.6690000295639 1
1369 0 0.0869548916816711 1.6690000295639 1
1370 0 -0.00579699268564582 1.6690000295639 1
1371 0 -0.0115939853712916 1.6690000295639 1
1372 0 -0.0173909794539213 1.6690000295639 1
1373 0 -0.0230768248438835 1.66100001335144 1
1374 0 -0.0288460310548544 1.66100001335144 1
1375 0 -0.0346152372658253 1.66100001335144 1
1376 0 -0.040384441614151 1.66100001335144 1
1377 0 -0.0457090623676777 1.64499998092651 1
1378 0.00591161334887147 0.271934181451797 1.70200002193451 1
1379 0.00591161334887147 0.266022592782974 1.70200002193451 1
1380 0.00588382640853524 0.258888363838196 1.69400000572205 1
1381 0.0058560399338603 0.251809686422348 1.68599998950958 1
1382 0.0058560399338603 0.245953649282455 1.68599998950958 1
1383 0.00582478009164333 0.23881596326828 1.67700004577637 1
1384 0.00582478009164333 0.232991188764572 1.67700004577637 1
1385 0.00582478009164333 0.227166399359703 1.67700004577637 1
1386 0.00579699315130711 0.220285728573799 1.6690000295639 1
1387 0.00579699315130711 0.214488744735718 1.6690000295639 1
1388 0.00579699315130711 0.208691745996475 1.6690000295639 1
1389 0.00576920667663217 0.201922222971916 1.66100001335144 1
1390 0.00576920667663217 0.1961530148983 1.66100001335144 1
1391 0.00576920667663217 0.190383806824684 1.66100001335144 1
1392 0.00576920667663217 0.184614598751068 1.66100001335144 1
1393 0.00576920667663217 0.178845390677452 1.66100001335144 1
1394 0.00579699315130711 0.173909783363342 1.6690000295639 1
1395 0.00582478009164333 0.168918609619141 1.67700004577637 1
1396 0.00582478009164333 0.163093835115433 1.67700004577637 1
1397 0.00582478009164333 0.157269045710564 1.67700004577637 1
1398 0.00582478009164333 0.151444271206856 1.67700004577637 1
1399 0.00582478009164333 0.145619496703148 1.67700004577637 1
1400 0.00582478009164333 0.139794707298279 1.67700004577637 1
1401 0.00582478009164333 0.133969932794571 1.67700004577637 1
1402 0.00582478009164333 0.128145158290863 1.67700004577637 1
1403 0.00579699315130711 0.121736854314804 1.6690000295639 1
1404 0.00582478009164333 0.116495594382286 1.67700004577637 1
1405 0.00579699315130711 0.1101428642869 1.6690000295639 1
1406 0.00579699315130711 0.104345872998238 1.6690000295639 1
1407 0.00579699315130711 0.0985488817095757 1.6690000295639 1
1408 0.00576920667663217 0.0923072993755341 1.66100001335144 1
1409 0.0058560399338603 -0.011712078936398 1.68599998950958 1
1410 0.0058560399338603 -0.0175681188702583 1.68599998950958 1
1411 0.00579699315130711 -0.0231879707425833 1.6690000295639 1
1412 0.00579699315130711 -0.0289849638938904 1.6690000295639 1
1413 0.00579699315130711 -0.0347819589078426 1.6690000295639 1
1414 0.00576920667663217 -0.040384441614151 1.66100001335144 1
1415 0.00574141973629594 -0.0459313541650772 1.65299999713898 1
1416 0.0118232266977429 0.266022592782974 1.70200002193451 1
1417 0.0118232266977429 0.260110974311829 1.70200002193451 1
1418 0.0118232266977429 0.254199355840683 1.70200002193451 1
1419 0.0117676528170705 0.247120693325996 1.69400000572205 1
1420 0.0117676528170705 0.241236865520477 1.69400000572205 1
1421 0.0117120798677206 0.23424157500267 1.68599998950958 1
1422 0.0117676528170705 0.2294692248106 1.69400000572205 1
1423 0.0117120798677206 0.222529500722885 1.68599998950958 1
1424 0.0117120798677206 0.216673463582993 1.68599998950958 1
1425 0.0116495601832867 0.209692060947418 1.67700004577637 1
1426 0.0115939863026142 0.202894747257233 1.6690000295639 1
1427 0.0115939863026142 0.197097763419151 1.6690000295639 1
1428 0.0115939863026142 0.191300764679909 1.6690000295639 1
1429 0.0115939863026142 0.185503765940666 1.6690000295639 1
1430 0.0115939863026142 0.179706782102585 1.6690000295639 1
1431 0.0116495601832867 0.174743384122849 1.67700004577637 1
1432 0.0117120798677206 0.16982513666153 1.68599998950958 1
1433 0.0117120798677206 0.163969099521637 1.68599998950958 1
1434 0.0117120798677206 0.158113062381744 1.68599998950958 1
1435 0.0117120798677206 0.152257025241852 1.68599998950958 1
1436 0.0117120798677206 0.146400988101959 1.68599998950958 1
1437 0.0117676528170705 0.141211822628975 1.69400000572205 1
1438 0.0117676528170705 0.135327994823456 1.69400000572205 1
1439 0.0117120798677206 0.12883286178112 1.68599998950958 1
1440 0.0117120798677206 0.122976824641228 1.68599998950958 1
1441 0.0117676528170705 0.11767652630806 1.69400000572205 1
1442 0.0117676528170705 0.111792698502541 1.69400000572205 1
1443 0.0116495601832867 0.104846030473709 1.67700004577637 1
1444 0.0117676528170705 -0.0117676518857479 1.69400000572205 1
1445 0.0118232266977429 -0.0177348386496305 1.70200002193451 1
1446 0.0116495601832867 -0.0232991185039282 1.67700004577637 1
1447 0.0116495601832867 -0.0291238985955715 1.67700004577637 1
1448 0.0116495601832867 -0.0349486768245697 1.67700004577637 1
1449 0.0115939863026142 -0.0405789501965046 1.6690000295639 1
1450 0.0115939863026142 -0.0463759414851666 1.6690000295639 1
1451 0.0177348405122757 0.260110974311829 1.70200002193451 1
1452 0.0179119799286127 0.256738364696503 1.71899998188019 1
1453 0.017828619107604 0.249600648880005 1.71099996566772 1
1454 0.0177348405122757 0.242376133799553 1.70200002193451 1
1455 0.0177348405122757 0.236464515328407 1.70200002193451 1
1456 0.0177348405122757 0.230552896857262 1.70200002193451 1
1457 0.0177348405122757 0.224641293287277 1.70200002193451 1
1458 0.017651479691267 0.217701569199562 1.69400000572205 1
1459 0.017651479691267 0.211817741394043 1.69400000572205 1
1460 0.017651479691267 0.205933913588524 1.69400000572205 1
1461 0.017651479691267 0.200050085783005 1.69400000572205 1
1462 0.0175681188702583 0.193249300122261 1.68599998950958 1
1463 0.0175681188702583 0.187393262982368 1.68599998950958 1
1464 0.0175681188702583 0.181537225842476 1.68599998950958 1
1465 0.017651479691267 0.17651478946209 1.69400000572205 1
1466 0.0177348405122757 0.17143677175045 1.70200002193451 1
1467 0.0177348405122757 0.165525153279305 1.70200002193451 1
1468 0.0177348405122757 0.15961354970932 1.70200002193451 1
1469 0.0177348405122757 0.153701931238174 1.70200002193451 1
1470 0.017651479691267 0.147095650434494 1.69400000572205 1
1471 0.0177348405122757 0.141878709197044 1.70200002193451 1
1472 0.0177348405122757 0.135967090725899 1.70200002193451 1
1473 0.0177348405122757 0.130055487155914 1.70200002193451 1
1474 0.0177348405122757 0.124143868684769 1.70200002193451 1
1475 0.0177348405122757 0.118232257664204 1.70200002193451 1
1476 0.0177348405122757 -0.0118232257664204 1.70200002193451 1
1477 0.0177348405122757 -0.0177348386496305 1.70200002193451 1
1478 0.017651479691267 -0.0235353037714958 1.69400000572205 1
1479 0.017651479691267 -0.0294191315770149 1.69400000572205 1
1480 0.0175681188702583 -0.0351362377405167 1.68599998950958 1
1481 0.0175681188702583 -0.0409922748804092 1.68599998950958 1
1482 0.0175681188702583 -0.0468483157455921 1.68599998950958 1
1483 0.0238826386630535 0.256738364696503 1.71899998188019 1
1484 0.0241188257932663 0.253247648477554 1.73599994182587 1
1485 0.0240076798945665 0.246078699827194 1.72800004482269 1
1486 0.0237714927643538 0.237714901566505 1.71099996566772 1
1487 0.0237714927643538 0.231772035360336 1.71099996566772 1
1488 0.0237714927643538 0.225829169154167 1.71099996566772 1
1489 0.0237714927643538 0.219886288046837 1.71099996566772 1
1490 0.0236464533954859 0.212818056344986 1.70200002193451 1
1491 0.0237714927643538 0.208000540733337 1.71099996566772 1
1492 0.0237714927643538 0.202057674527168 1.71099996566772 1
1493 0.0236464533954859 0.195083230733871 1.70200002193451 1
1494 0.0236464533954859 0.189171612262726 1.70200002193451 1
1495 0.0236464533954859 0.18325999379158 1.70200002193451 1
1496 0.0236464533954859 0.177348390221596 1.70200002193451 1
1497 0.0238826386630535 0.17314912378788 1.71899998188019 1
1498 0.0238826386630535 0.167178466916084 1.71899998188019 1
1499 0.0236464533954859 0.135967090725899 1.70200002193451 1
1500 0.0236464533954859 -0.0118232257664204 1.70200002193451 1
1501 0.0236464533954859 -0.0177348386496305 1.70200002193451 1
1502 0.023535305634141 -0.0235353037714958 1.69400000572205 1
1503 0.023535305634141 -0.0294191315770149 1.69400000572205 1
1504 0.023535305634141 -0.0353029556572437 1.69400000572205 1
1505 0.023535305634141 -0.0411867834627628 1.69400000572205 1
1506 0.0234241597354412 -0.0468483157455921 1.68599998950958 1
1507 0.0230768267065287 -0.0519228540360928 1.66100001335144 1
1508 0.0297143664211035 0.231772035360336 1.71099996566772 1
1509 0.0297143664211035 0.225829169154167 1.71099996566772 1
1510 0.0295580662786961 0.218729674816132 1.70200002193451 1
1511 0.0295580662786961 0.212818056344986 1.70200002193451 1
1512 0.0297143664211035 0.208000540733337 1.71099996566772 1
1513 0.0300095994025469 0.204065263271332 1.72800004482269 1
1514 0.0300095994025469 0.198063343763351 1.72800004482269 1
1515 0.0300095994025469 0.192061424255371 1.72800004482269 1
1516 0.0297143664211035 0.184229046106339 1.71099996566772 1
1517 0.0298532992601395 0.179119780659676 1.71899998188019 1
1518 0.0300095994025469 0.17405566573143 1.72800004482269 1
1519 0.0301485322415829 0.168831765651703 1.73599994182587 1
1520 0.0303048323839903 0.163646087050438 1.74500000476837 1
1521 0.0295580662786961 -0.0118232257664204 1.70200002193451 1
1522 0.0295580662786961 -0.0177348386496305 1.70200002193451 1
1523 0.0294191334396601 -0.0235353037714958 1.69400000572205 1
1524 0.0294191334396601 -0.0294191315770149 1.69400000572205 1
1525 0.0294191334396601 -0.0353029556572437 1.69400000572205 1
1526 0.0294191334396601 -0.0411867834627628 1.69400000572205 1
1527 0.0292801987379789 -0.0468483157455921 1.68599998950958 1
1528 0.0289849657565355 -0.0521729364991188 1.6690000295639 1
1529 0.0354696810245514 0.224641293287277 1.70200002193451 1
1530 0.0354696810245514 0.218729674816132 1.70200002193451 1
1531 0.0354696810245514 0.212818056344986 1.70200002193451 1
1532 0.0356572382152081 0.208000540733337 1.71099996566772 1
1533 0.0361782386898994 0.17486147582531 1.73599994182587 1
1534 0.0354696810245514 -0.0118232257664204 1.70200002193451 1
1535 0.035302959382534 -0.0176514778286219 1.69400000572205 1
1536 0.035302959382534 -0.0235353037714958 1.69400000572205 1
1537 0.035302959382534 -0.0294191315770149 1.69400000572205 1
1538 0.035302959382534 -0.0353029556572437 1.69400000572205 1
1539 0.035302959382534 -0.0411867834627628 1.69400000572205 1
1540 0.0351362377405167 -0.0468483157455921 1.68599998950958 1
1541 0.0347819589078426 -0.0521729364991188 1.6690000295639 1
1542 0.0413812920451164 -0.0118232257664204 1.70200002193451 1
1543 0.0411867871880531 -0.0176514778286219 1.69400000572205 1
1544 0.0411867871880531 -0.0235353037714958 1.69400000572205 1
1545 0.0411867871880531 -0.0294191315770149 1.69400000572205 1
1546 0.0411867871880531 -0.0353029556572437 1.69400000572205 1
1547 0.0411867871880531 -0.0411867834627628 1.69400000572205 1
1548 0.0411867871880531 -0.0470706075429916 1.69400000572205 1
1549 0.0409922786056995 -0.052704356610775 1.68599998950958 1
1550 0.0472929067909718 -0.0118232257664204 1.70200002193451 1
1551 0.0472929067909718 -0.0177348386496305 1.70200002193451 1
1552 0.0470706112682819 -0.0235353037714958 1.69400000572205 1
1553 0.0472929067909718 -0.0295580644160509 1.70200002193451 1
1554 0.0475429855287075 -0.0356572344899178 1.71099996566772 1
1555 0.0475429855287075 -0.0416001081466675 1.71099996566772 1
1556 0.0472929067909718 -0.0472929030656815 1.70200002193451 1
1557 0.0470706112682819 -0.0529544353485107 1.69400000572205 1
1558 0.0532045215368271 -0.0177348386496305 1.70200002193451 1
1559 0.053735937923193 -0.0298532973974943 1.71899998188019 1
1560 0.053735937923193 -0.0358239561319351 1.71899998188019 1
1561 0.053735937923193 -0.0417946167290211 1.71899998188019 1
1562 0.0534858591854572 -0.0475429818034172 1.71099996566772 1
1563 0.0532045215368271 -0.0532045140862465 1.70200002193451 1
1564 0.0600191988050938 -0.0360115170478821 1.72800004482269 1
1565 0.0600191988050938 -0.0420134365558624 1.72800004482269 1
1566 0.0597065985202789 -0.0477652736008167 1.71899998188019 1
1567 0.059428732842207 -0.0534858554601669 1.71099996566772 1
1568 0.0656772553920746 -0.0417946167290211 1.71899998188019 1
1569 0.0660211220383644 -0.0480153560638428 1.72800004482269 1
1570 0.0656772553920746 -0.0537359341979027 1.71899998188019 1
1571 0.0720230415463448 -0.0480153560638428 1.72800004482269 1
1572 0.0716479197144508 -0.0537359341979027 1.71899998188019 1
