0 -0.160094616488 -0.103267848173 0.015816256565 0
1 -0.136691299752 -0.103601287732 -0.0321837215005 0
2 -0.137542260364 -0.109266294314 -0.0251837520181 0
3 -0.135607627705 -0.0916808086059 0.00681631283175 0
4 -0.131828633622 -0.103552661518 -0.0251837520181 0
5 -0.131828633622 -0.109266294314 -0.0251837520181 0
6 -0.130814415888 -0.0856997302345 0.015816256565 0
7 -0.1297828383 -0.0916808086059 0.00681631283175 0
8 -0.128865880445 -0.0975889476559 -0.00118370338072 0
9 -0.127031949834 -0.103497088569 -0.0171837358056 0
10 -0.125312653855 -0.109290607421 -0.0321837215005 0
11 -0.123958063797 -0.0858560285143 0.00681631283175 0
12 -0.123958063797 -0.0916808086059 0.00681631283175 0
13 -0.123068881706 -0.0975889476559 -0.00118370338072 0
14 -0.121290532426 -0.103497088569 -0.0171837358056 0
15 -0.119623345808 -0.109290607421 -0.0321837215005 0
16 -0.118133289293 -0.0800312502853 0.00681631283175 0
17 -0.117271897868 -0.0859949632159 -0.00118370338072 0
18 -0.117271897868 -0.0917919563672 -0.00118370338072 0
19 -0.117271897868 -0.0975889476559 -0.00118370338072 0
20 -0.114687723593 -0.103552661518 -0.0251837520181 0
21 -0.113934022859 -0.109290607421 -0.0321837215005 0
22 -0.113072631434 -0.11497992711 -0.040183737713 0
23 -0.112308499888 -0.074206468331 0.00681631283175 0
24 -0.112308499888 -0.0800312502853 0.00681631283175 0
25 -0.112308499888 -0.0858560285143 0.00681631283175 0
26 -0.111474899129 -0.0917919563672 -0.00118370338072 0
27 -0.110641298369 -0.0976723084769 -0.00918371959318 0
28 -0.108244699911 -0.103601287732 -0.0321837215005 0
29 -0.107411099151 -0.109318394361 -0.040183737713 0
30 -0.107411099151 -0.11497992711 -0.040183737713 0
31 -0.107390252427 -0.0739876522294 0.015816256565 0
32 -0.106483725384 -0.0800312502853 0.00681631283175 0
33 -0.106483725384 -0.0858560285143 0.00681631283175 0
34 -0.105677900389 -0.0917919563672 -0.00118370338072 0
35 -0.104066280202 -0.0977556692979 -0.0171837358056 0
36 -0.102555376962 -0.103601287732 -0.0321837215005 0
37 -0.101749566869 -0.109318394361 -0.040183737713 0
38 -0.100943741874 -0.11497992711 -0.0481837539254 0
39 -0.102312249616 -0.0737931436471 0.0238162727774 0
40 -0.101534215287 -0.0798436893693 0.015816256565 0
41 -0.10065893598 -0.0858560285143 0.00681631283175 0
42 -0.099102882222 -0.0919031022659 -0.00918371959318 0
43 -0.0983248627937 -0.0977556692979 -0.0171837358056 0
44 -0.096866054014 -0.103601287732 -0.0321837215005 0
45 -0.0960880345857 -0.109318394361 -0.040183737713 0
46 -0.0953100002563 -0.11497992711 -0.0481837539254 0
47 -0.0980226672447 -0.0674369453064 0.0408162327231 0
48 -0.0987729109085 -0.0731853103808 0.0488162489356 0
49 -0.0956781781471 -0.0798436893693 0.015816256565 0
50 -0.0948341614759 -0.0858560285143 0.00681631283175 0
51 -0.0933336741483 -0.0919031022659 -0.00918371959318 0
52 -0.0925834304846 -0.0977556692979 -0.0171837358056 0
53 -0.0911767459667 -0.103601287732 -0.0321837215005 0
54 -0.0904265023029 -0.109318394361 -0.040183737713 0
55 -0.0890198028839 -0.11497992711 -0.0551837234079 0
56 -0.0890198028839 -0.120589359811 -0.0551837234079 0
57 -0.095150230006 0.060788090659 0.0748162718238 0
58 -0.0943374610698 0.0538518385419 0.0658162088813 0
59 -0.0943374610698 0.0478221283683 0.0658162088813 0
60 -0.0943374610698 0.0417924330958 0.0658162088813 0
61 -0.0943374610698 0.0357627229222 0.0658162088813 0
62 -0.0943374610698 0.0297330127486 0.0658162088813 0
63 -0.0928022540367 0.0223452405461 0.0488162489356 0
64 -0.0928022540367 -0.0731853103808 0.0488162489356 0
65 -0.0905445940054 -0.0796769714526 0.0238162727774 0
66 -0.0890093869722 -0.0858560285143 0.00681631283175 0
67 -0.0875644660747 -0.0919031022659 -0.00918371959318 0
68 -0.0861195600784 -0.0978390282563 -0.0251837520181 0
69 -0.0854874230182 -0.103601287732 -0.0321837215005 0
70 -0.0847649700201 -0.109318394361 -0.040183737713 0
71 -0.0834103650606 -0.11497992711 -0.0551837234079 0
72 -0.0834103650606 -0.120589359811 -0.0551837234079 0
73 -0.0890892720974 0.115336786343 0.0748162718238 0
74 -0.0890892720974 0.109275813533 0.0748162718238 0
75 -0.0890892720974 0.103214855624 0.0748162718238 0
76 -0.0861369348324 0.0870777474173 0.0408162327231 0
77 -0.0883077657974 0.0659112439879 0.0658162088813 0
78 -0.0883077657974 0.0598815487155 0.0658162088813 0
79 -0.0883077657974 0.0538518385419 0.0658162088813 0
80 -0.0883077657974 0.0478221283683 0.0658162088813 0
81 -0.0883077657974 0.0417924330958 0.0658162088813 0
82 -0.0883077657974 0.0357627229222 0.0658162088813 0
83 -0.0876131034649 0.0290661410817 0.0578163118781 0
84 -0.0868315971649 0.0223452405461 0.0488162489356 0
85 -0.0861369348324 -0.0674369453064 0.0408162327231 0
86 -0.0861369348324 -0.0733798189632 0.0408162327231 0
87 -0.0853554285324 -0.0795102498106 0.0318162889899 0
88 -0.0839661038673 -0.0856997302345 0.015816256565 0
89 -0.0824899352348 -0.0917919563672 -0.00118370338072 0
90 -0.0811005956686 -0.0977556692979 -0.0171837358056 0
91 -0.0797981000698 -0.103601287732 -0.0321837215005 0
92 -0.0791034377372 -0.109318394361 -0.040183737713 0
93 -0.0778009272373 -0.11497992711 -0.0551837234079 0
94 -0.0771062649048 -0.120561573336 -0.0631837396203 0
95 -0.080194053725 0.122734974457 0.0408162327231 0
96 -0.0808609402931 0.117875795198 0.0488162489356 0
97 -0.0830282992876 0.115336786343 0.0748162718238 0
98 -0.0822780556238 0.108119185401 0.0658162088813 0
99 -0.0808609402931 0.0999638096818 0.0488162489356 0
100 -0.080194053725 0.0930206136235 0.0408162327231 0
101 -0.080194053725 0.0870777474173 0.0408162327231 0
102 -0.080194053725 0.08113486631 0.0408162327231 0
103 -0.0808609402931 0.0760811672934 0.0488162489356 0
104 -0.0816111839569 0.0710795776376 0.0578163118781 0
105 -0.0816111839569 0.0650776581296 0.0578163118781 0
106 -0.0816111839569 0.0590757386216 0.0578163118781 0
107 -0.0822780556238 0.0538518385419 0.0658162088813 0
108 -0.0822780556238 0.0478221283683 0.0658162088813 0
109 -0.0816111839569 0.0410699800977 0.0578163118781 0
110 -0.0816111839569 0.0350680605897 0.0578163118781 0
111 -0.0816111839569 0.0290661410817 0.0578163118781 0
112 -0.0808609402931 0.0223452405461 0.0488162489356 0
113 -0.0816111839569 0.0170623020657 0.0578163118781 0
114 -0.0816111839569 0.0110603825578 0.0578163118781 0
115 -0.0794438249624 0.00325233055437 0.0318162889899 0
116 -0.0773598230636 -0.0509073479644 0.00681631283175 0
117 -0.0781100518263 -0.0564195333592 0.015816256565 0
118 -0.0794438249624 -0.0617754130236 0.0318162889899 0
119 -0.0794438249624 -0.0676870240441 0.0318162889899 0
120 -0.0794438249624 -0.07359863879 0.0318162889899 0
121 -0.0794438249624 -0.0795102498106 0.0318162889899 0
122 -0.0787769383943 -0.0855607955328 0.0238162727774 0
123 -0.0773598230636 -0.0916808086059 0.00681631283175 0
124 -0.0760260648287 -0.0976723084769 -0.00918371959318 0
125 -0.0746922916925 -0.103552661518 -0.0251837520181 0
126 -0.0741087771213 -0.109290607421 -0.0321837215005 0
127 -0.0727750188863 -0.11497992711 -0.0481837539254 0
128 -0.0721915043152 -0.120589359811 -0.0551837234079 0
129 -0.0748902834213 0.135787780715 0.0488162489356 0
130 -0.0742511875189 0.128677855564 0.0408162327231 0
131 -0.0742511875189 0.122734974457 0.0408162327231 0
132 -0.0748902834213 0.117875795198 0.0488162489356 0
133 -0.0748902834213 0.111905123425 0.0488162489356 0
134 -0.0748902834213 0.105934466554 0.0488162489356 0
135 -0.0742511875189 0.0989634947308 0.0408162327231 0
136 -0.0742511875189 0.0930206136235 0.0408162327231 0
137 -0.0742511875189 0.0870777474173 0.0408162327231 0
138 -0.0742511875189 0.08113486631 0.0408162327231 0
139 -0.0742511875189 0.0751920001038 0.0408162327231 0
140 -0.0748902834213 0.0701105104216 0.0488162489356 0
141 -0.0756092644489 0.0650776581296 0.0578163118781 0
142 -0.0756092644489 0.0590757386216 0.0578163118781 0
143 -0.0756092644489 0.0530738191136 0.0578163118781 0
144 -0.0756092644489 0.0470718996056 0.0578163118781 0
145 -0.0748902834213 0.0402572111615 0.0488162489356 0
146 -0.0748902834213 0.0342865542897 0.0488162489356 0
147 -0.0735322064913 0.0268987820872 0.0318162889899 0
148 -0.0735322064913 0.0209871636161 0.0318162889899 0
149 -0.0722540146864 0.0138529346713 0.015816256565 0
150 -0.0735322064913 0.00916394157494 0.0318162889899 0
151 -0.0735322064913 0.00325233055437 0.0318162889899 0
152 -0.0728931105888 -0.00318722860729 0.0238162727774 0
153 -0.0728931105888 -0.00907105641281 0.0238162727774 0
154 -0.0728931105888 -0.0149548842183 0.0238162727774 0
155 -0.0722540146864 -0.0212832956186 0.015816256565 0
156 -0.0728931105888 -0.0267225323788 0.0238162727774 0
157 -0.0722540146864 -0.032995377349 0.015816256565 0
158 -0.0722540146864 -0.0388514144889 0.015816256565 0
159 -0.0722540146864 -0.0447074516288 0.015816256565 0
160 -0.0728931105888 -0.0502578361503 0.0238162727774 0
161 -0.0728931105888 -0.0561416639558 0.0238162727774 0
162 -0.0728931105888 -0.0620254917613 0.0238162727774 0
163 -0.0735322064913 -0.0676870240441 0.0318162889899 0
164 -0.0735322064913 -0.07359863879 0.0318162889899 0
165 -0.0735322064913 -0.0795102498106 0.0318162889899 0
166 -0.0728931105888 -0.0855607955328 0.0238162727774 0
167 -0.0722540146864 -0.091555769237 0.015816256565 0
168 -0.0715350485599 -0.0975055886975 0.00681631283175 0
169 -0.0696177608526 -0.103497088569 -0.0171837358056 0
170 -0.0689786649502 -0.109266294314 -0.0251837520181 0
171 -0.0677803582704 -0.11497992711 -0.040183737713 0
172 -0.0665820664919 -0.120589359811 -0.0551837234079 0
173 -0.0659429705894 -0.126143219563 -0.0631837396203 0
174 -0.0689196116483 0.141758437587 0.0488162489356 0
175 -0.0683083064115 0.13462072177 0.0408162327231 0
176 -0.0683083064115 0.128677855564 0.0408162327231 0
177 -0.0683083064115 0.122734974457 0.0408162327231 0
178 -0.0683083064115 0.116792108251 0.0408162327231 0
179 -0.0683083064115 0.110849242044 0.0408162327231 0
180 -0.0683083064115 0.104906360937 0.0408162327231 0
181 -0.0676205880201 0.0978381292352 0.0318162889899 0
182 -0.0676205880201 0.0919265256652 0.0318162889899 0
183 -0.0676205880201 0.086014907194 0.0318162889899 0
184 -0.0676205880201 0.080103303624 0.0318162889899 0
185 -0.0676205880201 0.0741916851529 0.0318162889899 0
186 -0.0676205880201 0.0682800666817 0.0318162889899 0
187 -0.0683083064115 0.0633062527903 0.0408162327231 0
188 -0.0683083064115 0.0573633865842 0.0408162327231 0
189 -0.0683083064115 0.0514205054768 0.0408162327231 0
190 -0.0676205880201 0.0446336225995 0.0318162889899 0
191 -0.0670092827833 0.0379995511302 0.0238162727774 0
192 -0.0663979775465 0.0314210609921 0.015816256565 0
193 -0.0657102591551 0.0248147801884 0.00681631283175 0
194 -0.0657102591551 0.0189900056847 0.00681631283175 0
195 -0.0657102591551 0.013165231181 0.00681631283175 0
196 -0.0663979775465 0.0079968975314 0.015816256565 0
197 -0.0663979775465 0.0021408603915 0.015816256565 0
198 -0.0663979775465 -0.00371517674839 0.015816256565 0
199 -0.0663979775465 -0.00957121388828 0.015816256565 0
200 -0.0657102591551 -0.0159586711398 0.00681631283175 0
201 -0.0657102591551 -0.0217834530941 0.00681631283175 0
202 -0.0663979775465 -0.0271393327585 0.015816256565 0
203 -0.0663979775465 -0.032995377349 0.015816256565 0
204 -0.0663979775465 -0.0388514144889 0.015816256565 0
205 -0.0670092827833 -0.0443740157953 0.0238162727774 0
206 -0.0670092827833 -0.0502578361503 0.0238162727774 0
207 -0.0670092827833 -0.0561416639558 0.0238162727774 0
208 -0.0670092827833 -0.0620254917613 0.0238162727774 0
209 -0.0670092827833 -0.0679093195668 0.0238162727774 0
210 -0.0670092827833 -0.0737931436471 0.0238162727774 0
211 -0.0670092827833 -0.0796769714526 0.0238162727774 0
212 -0.0670092827833 -0.0855607955328 0.0238162727774 0
213 -0.0663979775465 -0.091555769237 0.015816256565 0
214 -0.0657102591551 -0.0975055886975 0.00681631283175 0
215 -0.0650989539182 -0.103385941739 -0.00118370338072 0
216 -0.0650989539182 -0.109182934424 -0.00118370338072 0
217 -0.0638763434446 -0.11497992711 -0.0171837358056 0
218 -0.0615075207508 -0.120613673384 -0.0481837539254 0
219 -0.0609726361191 -0.126198792512 -0.0551837234079 0
220 -0.0623654327548 0.146506483985 0.0408162327231 0
221 -0.0629489547765 0.141758437587 0.0488162489356 0
222 -0.0629489547765 0.135787780715 0.0488162489356 0
223 -0.0623654327548 0.128677855564 0.0408162327231 0
224 -0.0623654327548 0.122734974457 0.0408162327231 0
225 -0.0617089769995 0.115572969747 0.0318162889899 0
226 -0.0617089769995 0.109661366177 0.0318162889899 0
227 -0.0617089769995 0.103749747706 0.0318162889899 0
228 -0.0611254624284 0.0968378142842 0.0238162727774 0
229 -0.0617089769995 0.0919265256652 0.0318162889899 0
230 -0.0617089769995 0.086014907194 0.0318162889899 0
231 -0.0617089769995 0.080103303624 0.0318162889899 0
232 -0.0617089769995 0.0741916851529 0.0318162889899 0
233 -0.0611254624284 0.0674186901578 0.0238162727774 0
234 -0.0605419404066 0.0607012615928 0.015816256565 0
235 -0.0605419404066 0.0548452095517 0.015816256565 0
236 -0.0598854846513 0.0481139080056 0.00681631283175 0
237 -0.0598854846513 0.0422891186007 0.00681631283175 0
238 -0.0598854846513 0.036464344097 0.00681631283175 0
239 -0.0593019626296 0.0299448923596 -0.00118370338072 0
240 -0.0593019626296 0.0241479085215 -0.00118370338072 0
241 -0.0593019626296 0.0183509097823 -0.00118370338072 0
242 -0.0593019626296 0.0125539110431 -0.00118370338072 0
243 -0.0598854846513 0.00734044177616 0.00681631283175 0
244 -0.0598854846513 0.00151566727246 0.00681631283175 0
245 -0.0598854846513 -0.00430911468183 0.00681631283175 0
246 -0.0598854846513 -0.0101338966361 0.00681631283175 0
247 -0.0598854846513 -0.0159586711398 0.00681631283175 0
248 -0.0598854846513 -0.0217834530941 0.00681631283175 0
249 -0.0598854846513 -0.0276082350484 0.00681631283175 0
250 -0.0598854846513 -0.0334330095521 0.00681631283175 0
251 -0.0598854846513 -0.0392577915064 0.00681631283175 0
252 -0.0605419404066 -0.0447074516288 0.015816256565 0
253 -0.0605419404066 -0.0505634962193 0.015816256565 0
254 -0.0605419404066 -0.0564195333592 0.015816256565 0
255 -0.0611254624284 -0.0620254917613 0.0238162727774 0
256 -0.0611254624284 -0.0679093195668 0.0238162727774 0
257 -0.0605419404066 -0.0739876522294 0.015816256565 0
258 -0.0605419404066 -0.0798436893693 0.015816256565 0
259 -0.0605419404066 -0.0856997302345 0.015816256565 0
260 -0.0605419404066 -0.091555769237 0.015816256565 0
261 -0.0605419404066 -0.0974118082396 0.015816256565 0
262 -0.0598854846513 -0.103330367858 0.00681631283175 0
263 -0.0593019626296 -0.109182934424 -0.00118370338072 0
264 -0.0587184406078 -0.11497992711 -0.00918371959318 0
265 -0.0570408231771 -0.120669246799 -0.0321837215005 0
266 -0.0553631982959 -0.126198792512 -0.0551837234079 0
267 -0.0564225665486 0.15244933529 0.0408162327231 0
268 -0.0564225665486 0.146506483985 0.0408162327231 0
269 -0.0564225665486 0.140563602878 0.0408162327231 0
270 -0.0564225665486 0.13462072177 0.0408162327231 0
271 -0.0564225665486 0.128677855564 0.0408162327231 0
272 -0.0564225665486 0.122734974457 0.0408162327231 0
273 -0.055797365979 0.115572969747 0.0318162889899 0
274 -0.0552416346228 0.108605469895 0.0238162727774 0
275 -0.0552416346228 0.10272164209 0.0238162727774 0
276 -0.0546858958161 0.0958374993333 0.015816256565 0
277 -0.0546858958161 0.0899814472922 0.015816256565 0
278 -0.0546858958161 0.0841254101523 0.015816256565 0
279 -0.0546858958161 0.0782693730124 0.015816256565 0
280 -0.0546858958161 0.0724133358725 0.015816256565 0
281 -0.0540607026971 0.0655882464179 0.00681631283175 0
282 -0.0540607026971 0.059763457013 0.00681631283175 0
283 -0.0535049638903 0.0531328724154 -0.00118370338072 0
284 -0.0535049638903 0.0473358736762 -0.00118370338072 0
285 -0.0535049638903 0.0415388749369 -0.00118370338072 0
286 -0.0535049638903 0.0357418910989 -0.00118370338072 0
287 -0.0535049638903 0.0299448923596 -0.00118370338072 0
288 -0.0535049638903 0.0241479085215 -0.00118370338072 0
289 -0.0535049638903 0.0183509097823 -0.00118370338072 0
290 -0.0535049638903 0.0125539110431 -0.00118370338072 0
291 -0.0535049638903 0.00675692720497 -0.00118370338072 0
292 -0.0535049638903 0.000959928465732 -0.00118370338072 0
293 -0.0535049638903 -0.00483706282293 -0.00118370338072 0
294 -0.0535049638903 -0.0106340541116 -0.00118370338072 0
295 -0.0535049638903 -0.0164310454003 -0.00118370338072 0
296 -0.0535049638903 -0.0222280441395 -0.00118370338072 0
297 -0.0535049638903 -0.0280250354282 -0.00118370338072 0
298 -0.0540607026971 -0.0334330095521 0.00681631283175 0
299 -0.0540607026971 -0.0392577915064 0.00681631283175 0
300 -0.0540607026971 -0.0450825734607 0.00681631283175 0
301 -0.0546858958161 -0.0505634962193 0.015816256565 0
302 -0.0546858958161 -0.0564195333592 0.015816256565 0
303 -0.0546858958161 -0.0622755704991 0.015816256565 0
304 -0.0546858958161 -0.0681316113642 0.015816256565 0
305 -0.0546858958161 -0.0739876522294 0.015816256565 0
306 -0.0546858958161 -0.0798436893693 0.015816256565 0
307 -0.0540607026971 -0.0858560285143 0.00681631283175 0
308 -0.0540607026971 -0.0916808086059 0.00681631283175 0
309 -0.0540607026971 -0.0975055886975 0.00681631283175 0
310 -0.0540607026971 -0.103330367858 0.00681631283175 0
311 -0.0535049638903 -0.109182934424 -0.00118370338072 0
312 -0.0535049638903 -0.11497992711 -0.00118370338072 0
313 -0.0518377623713 -0.120693559906 -0.0251837520181 0
314 -0.0497537679231 -0.126198792512 -0.0551837234079 0
315 -0.0491980291164 -0.131724864858 -0.0631837396203 0
316 -0.0504796928919 0.158392216397 0.0408162327231 0
317 -0.0504796928919 0.15244933529 0.0408162327231 0
318 -0.0498857549584 0.145131047202 0.0318162889899 0
319 -0.0498857549584 0.139219428731 0.0318162889899 0
320 -0.0498857549584 0.13330781026 0.0318162889899 0
321 -0.0498857549584 0.12739620669 0.0318162889899 0
322 -0.0493578068173 0.120373125506 0.0238162727774 0
323 -0.0493578068173 0.114489297701 0.0238162727774 0
324 -0.0488298586762 0.107549573613 0.015816256565 0
325 -0.0482359207428 0.100536923242 0.00681631283175 0
326 -0.0482359207428 0.0947121338376 0.00681631283175 0
327 -0.0482359207428 0.0888873593339 0.00681631283175 0
328 -0.0482359207428 0.0830625848302 0.00681631283175 0
329 -0.0482359207428 0.0772377954253 0.00681631283175 0
330 -0.0482359207428 0.0714130209216 0.00681631283175 0
331 -0.0477079726017 0.0647268549928 -0.00118370338072 0
332 -0.0477079726017 0.0589298562535 -0.00118370338072 0
333 -0.0477079726017 0.0531328724154 -0.00118370338072 0
334 -0.0477079726017 0.0473358736762 -0.00118370338072 0
335 -0.0477079726017 0.0415388749369 -0.00118370338072 0
336 -0.0471800244606 0.0350194381007 -0.00918371959318 0
337 -0.0471800244606 0.0292502300271 -0.00918371959318 0
338 -0.0477079726017 0.0241479085215 -0.00118370338072 0
339 -0.0477079726017 0.0183509097823 -0.00118370338072 0
340 -0.0477079726017 0.0125539110431 -0.00118370338072 0
341 -0.0471800244606 0.0061734051832 -0.00918371959318 0
342 -0.0471800244606 0.000404197109588 -0.00918371959318 0
343 -0.0471800244606 -0.00536501096403 -0.00918371959318 0
344 -0.0466520763195 -0.0116343765131 -0.0171837358056 0
345 -0.0471800244606 -0.0169034196607 -0.00918371959318 0
346 -0.0466520763195 -0.0231172187797 -0.0171837358056 0
347 -0.0471800244606 -0.0284418358079 -0.00918371959318 0
348 -0.0477079726017 -0.0338220267168 -0.00118370338072 0
349 -0.0477079726017 -0.0396190180055 -0.00118370338072 0
350 -0.0482359207428 -0.0450825734607 0.00681631283175 0
351 -0.0482359207428 -0.0509073479644 0.00681631283175 0
352 -0.0482359207428 -0.0567321299187 0.00681631283175 0
353 -0.0482359207428 -0.062556911873 0.00681631283175 0
354 -0.0482359207428 -0.068381690102 0.00681631283175 0
355 -0.0482359207428 -0.074206468331 0.00681631283175 0
356 -0.0482359207428 -0.0800312502853 0.00681631283175 0
357 -0.0482359207428 -0.0858560285143 0.00681631283175 0
358 -0.0482359207428 -0.0916808086059 0.00681631283175 0
359 -0.0482359207428 -0.0975055886975 0.00681631283175 0
360 -0.0482359207428 -0.103330367858 0.00681631283175 0
361 -0.0477079726017 -0.109182934424 -0.00118370338072 0
362 -0.0477079726017 -0.11497992711 -0.00118370338072 0
363 -0.0466520763195 -0.12072134638 -0.0171837358056 0
364 -0.0451342291391 -0.126302992607 -0.040183737713 0
365 -0.0436163819587 -0.131724864858 -0.0631837396203 0
366 -0.0439741439378 0.156954254342 0.0318162889899 0
367 -0.0439741439378 0.151042665673 0.0318162889899 0
368 -0.0434739790118 0.143908436728 0.0238162727774 0
369 -0.0434739790118 0.138024594022 0.0238162727774 0
370 -0.0429738215363 0.130973722173 0.015816256565 0
371 -0.0429738215363 0.125117685033 0.015816256565 0
372 -0.0424111387885 0.118011261655 0.00681631283175 0
373 -0.0424111387885 0.11218647225 0.00681631283175 0
374 -0.0424111387885 0.106361697746 0.00681631283175 0
375 -0.041910981313 0.0995088176259 -0.00118370338072 0
376 -0.0424111387885 0.0947121338376 0.00681631283175 0
377 -0.0424111387885 0.0888873593339 0.00681631283175 0
378 -0.0424111387885 0.0830625848302 0.00681631283175 0
379 -0.0424111387885 0.0772377954253 0.00681631283175 0
380 -0.041910981313 0.0705238388308 -0.00118370338072 0
381 -0.041910981313 0.0647268549928 -0.00118370338072 0
382 -0.041910981313 0.0589298562535 -0.00118370338072 0
383 -0.041910981313 0.0531328724154 -0.00118370338072 0
384 -0.041410816387 0.0465578393468 -0.00918371959318 0
385 -0.041410816387 0.0407886461743 -0.00918371959318 0
386 -0.041410816387 0.0350194381007 -0.00918371959318 0
387 -0.041410816387 0.0292502300271 -0.00918371959318 0
388 -0.041410816387 0.0234810219535 -0.00918371959318 0
389 -0.041410816387 0.0177118138799 -0.00918371959318 0
390 -0.041410816387 0.0119426058062 -0.00918371959318 0
391 -0.0409106589115 0.00558988316143 -0.0171837358056 0
392 -0.0409106589115 -0.000151534246556 -0.0171837358056 0
393 -0.0409106589115 -0.00589295910513 -0.0171837358056 0
394 -0.040410501436 -0.0121345339886 -0.0251837520181 0
395 -0.040410501436 -0.0178481681815 -0.0251837520181 0
396 -0.040410501436 -0.0235618023745 -0.0251837520181 0
397 -0.040410501436 -0.0292754365674 -0.0251837520181 0
398 -0.0409106589115 -0.0346000535957 -0.0171837358056 0
399 -0.041410816387 -0.0399802445046 -0.00918371959318 0
400 -0.041910981313 -0.0454160092941 -0.00118370338072 0
401 -0.041910981313 -0.0512130080334 -0.00118370338072 0
402 -0.041910981313 -0.057009999322 -0.00118370338072 0
403 -0.0424111387885 -0.062556911873 0.00681631283175 0
404 -0.0424111387885 -0.068381690102 0.00681631283175 0
405 -0.0424111387885 -0.074206468331 0.00681631283175 0
406 -0.0424111387885 -0.0800312502853 0.00681631283175 0
407 -0.0424111387885 -0.0858560285143 0.00681631283175 0
408 -0.0424111387885 -0.0916808086059 0.00681631283175 0
409 -0.0424111387885 -0.0975055886975 0.00681631283175 0
410 -0.0424111387885 -0.103330367858 0.00681631283175 0
411 -0.041910981313 -0.109182934424 -0.00118370338072 0
412 -0.041910981313 -0.11497992711 -0.00118370338072 0
413 -0.0409106589115 -0.12072134638 -0.0171837358056 0
414 -0.0399728617823 -0.126358566487 -0.0321837215005 0
415 -0.0389725393808 -0.131881165 -0.0481837539254 0
416 -0.0380625254667 0.162865872813 0.0318162889899 0
417 -0.0380625254667 0.156954254342 0.0318162889899 0
418 -0.0380625254667 0.151042665673 0.0318162889899 0
419 -0.0375901512063 0.143908436728 0.0238162727774 0
420 -0.0371177769458 0.136829759313 0.015816256565 0
421 -0.0365863642848 0.129660810662 0.00681631283175 0
422 -0.0365863642848 0.123836036158 0.00681631283175 0
423 -0.0361139900243 0.116899784041 -0.00118370338072 0
424 -0.0356416157639 0.110019113255 -0.00918371959318 0
425 -0.0361139900243 0.105305801464 -0.00118370338072 0
426 -0.0356416157639 0.0984806971082 -0.00918371959318 0
427 -0.0361139900243 0.0937118188866 -0.00118370338072 0
428 -0.0361139900243 0.0879148201474 -0.00118370338072 0
429 -0.0361139900243 0.0821178363093 -0.00118370338072 0
430 -0.0361139900243 0.0763208375701 -0.00118370338072 0
431 -0.0361139900243 0.0705238388308 -0.00118370338072 0
432 -0.0361139900243 0.0647268549928 -0.00118370338072 0
433 -0.0361139900243 0.0589298562535 -0.00118370338072 0
434 -0.0356416157639 0.0523270474204 -0.00918371959318 0
435 -0.0351692415035 0.0457798199185 -0.0171837358056 0
436 -0.0351692415035 0.0400384025105 -0.0171837358056 0
437 -0.0351692415035 0.0342969851025 -0.0171837358056 0
438 -0.0346968672431 0.0278608904609 -0.0251837520181 0
439 -0.0346968672431 0.0221472637185 -0.0251837520181 0
440 -0.0346968672431 0.016433622075 -0.0251837520181 0
441 -0.0346968672431 0.0107199953326 -0.0251837520181 0
442 -0.0346968672431 0.00500636113966 -0.0251837520181 0
443 -0.0346968672431 -0.000707273053281 -0.0251837520181 0
444 -0.0346968672431 -0.00642090724623 -0.0251837520181 0
445 -0.0346968672431 -0.0121345339886 -0.0251837520181 0
446 -0.0346968672431 -0.0178481681815 -0.0251837520181 0
447 -0.0346968672431 -0.0235618023745 -0.0251837520181 0
448 -0.0346968672431 -0.0292754365674 -0.0251837520181 0
449 -0.0346968672431 -0.0349890707604 -0.0251837520181 0
450 -0.0346968672431 -0.0407027049533 -0.0251837520181 0
451 -0.0356416157639 -0.0457494525782 -0.00918371959318 0
452 -0.0356416157639 -0.0515186606518 -0.00918371959318 0
453 -0.0361139900243 -0.057009999322 -0.00118370338072 0
454 -0.0361139900243 -0.0628069906107 -0.00118370338072 0
455 -0.0361139900243 -0.0686039856247 -0.00118370338072 0
456 -0.0361139900243 -0.0744009769133 -0.00118370338072 0
457 -0.0365863642848 -0.0800312502853 0.00681631283175 0
458 -0.0365863642848 -0.0858560285143 0.00681631283175 0
459 -0.0365863642848 -0.0916808086059 0.00681631283175 0
460 -0.0365863642848 -0.0975055886975 0.00681631283175 0
461 -0.0365863642848 -0.103330367858 0.00681631283175 0
462 -0.0361139900243 -0.109182934424 -0.00118370338072 0
463 -0.0361139900243 -0.11497992711 -0.00118370338072 0
464 -0.0351692415035 -0.12072134638 -0.0171837358056 0
465 -0.0346968672431 -0.126407192702 -0.0251837520181 0
466 -0.0342835388339 -0.132047884779 -0.0321837215005 0
467 -0.033338790313 -0.137514912205 -0.0481837539254 0
468 -0.0326510719216 0.17027794881 0.0408162327231 0
469 -0.0326510719216 0.164335097505 0.0408162327231 0
470 -0.0321509144461 0.156954254342 0.0318162889899 0
471 -0.0317063234008 0.149792249633 0.0238162727774 0
472 -0.031261739806 0.142685796452 0.015816256565 0
473 -0.0307615823305 0.135485585166 0.00681631283175 0
474 -0.0303169912851 0.12849378152 -0.00118370338072 0
475 -0.0303169912851 0.122696782781 -0.00118370338072 0
476 -0.0298724076903 0.115788321329 -0.00918371959318 0
477 -0.0298724076903 0.110019113255 -0.00918371959318 0
478 -0.0298724076903 0.104249905182 -0.00918371959318 0
479 -0.0298724076903 0.0984806971082 -0.00918371959318 0
480 -0.0298724076903 0.0927114890345 -0.00918371959318 0
481 -0.0298724076903 0.0869422958621 -0.00918371959318 0
482 -0.0298724076903 0.0811730877885 -0.00918371959318 0
483 -0.0303169912851 0.0763208375701 -0.00118370338072 0
484 -0.0303169912851 0.0705238388308 -0.00118370338072 0
485 -0.0298724076903 0.0638654635676 -0.00918371959318 0
486 -0.0298724076903 0.058096255494 -0.00918371959318 0
487 -0.0298724076903 0.0523270474204 -0.00918371959318 0
488 -0.0294278166449 0.0457798199185 -0.0171837358056 0
489 -0.0294278166449 0.0400384025105 -0.0171837358056 0
490 -0.0289832330501 0.0335745172032 -0.0251837520181 0
491 -0.0289832330501 0.0278608904609 -0.0251837520181 0
492 -0.0289832330501 0.0221472637185 -0.0251837520181 0
493 -0.0289832330501 0.016433622075 -0.0251837520181 0
494 -0.0289832330501 0.0107199953326 -0.0251837520181 0
495 -0.0289832330501 0.00500636113966 -0.0251837520181 0
496 -0.028594223336 -0.00119353519594 -0.0321837215005 0
497 -0.028594223336 -0.0068828581444 -0.0321837215005 0
498 -0.028594223336 -0.0125721736423 -0.0321837215005 0
499 -0.028594223336 -0.0182614965907 -0.0321837215005 0
500 -0.028594223336 -0.0239508120886 -0.0321837215005 0
501 -0.0289832330501 -0.0292754365674 -0.0251837520181 0
502 -0.0289832330501 -0.0349890707604 -0.0251837520181 0
503 -0.0289832330501 -0.0407027049533 -0.0251837520181 0
504 -0.0289832330501 -0.0464163316957 -0.0251837520181 0
505 -0.0294278166449 -0.0518243132702 -0.0171837358056 0
506 -0.0298724076903 -0.0572878650001 -0.00918371959318 0
507 -0.0303169912851 -0.0628069906107 -0.00118370338072 0
508 -0.0303169912851 -0.0686039856247 -0.00118370338072 0
509 -0.0303169912851 -0.0744009769133 -0.00118370338072 0
510 -0.0303169912851 -0.080197968202 -0.00118370338072 0
511 -0.0307615823305 -0.0858560285143 0.00681631283175 0
512 -0.0307615823305 -0.0916808086059 0.00681631283175 0
513 -0.0307615823305 -0.0975055886975 0.00681631283175 0
514 -0.0307615823305 -0.103330367858 0.00681631283175 0
515 -0.0307615823305 -0.109155147484 0.00681631283175 0
516 -0.0303169912851 -0.11497992711 -0.00118370338072 0
517 -0.0294278166449 -0.12072134638 -0.0171837358056 0
518 -0.0289832330501 -0.126407192702 -0.0251837520181 0
519 -0.028594223336 -0.132047884779 -0.0321837215005 0
520 -0.0281496322906 -0.137626058104 -0.040183737713 0
521 -0.0275939009345 0.179114128781 0.0578163118781 0
522 -0.0267081982649 0.17027794881 0.0408162327231 0
523 -0.0267081982649 0.164335097505 0.0408162327231 0
524 -0.0262393034256 0.156954254342 0.0318162889899 0
525 -0.0254056952155 0.148541833592 0.015816256565 0
526 -0.0249368003762 0.141310389472 0.00681631283175 0
527 -0.0249368003762 0.135485585166 0.00681631283175 0
528 -0.0241031996167 0.127326737476 -0.00918371959318 0
529 -0.0245199999964 0.122696782781 -0.00118370338072 0
530 -0.0236863992369 0.114676858617 -0.0171837358056 0
531 -0.0236863992369 0.108935426308 -0.0171837358056 0
532 -0.0236863992369 0.1031940089 -0.0171837358056 0
533 -0.0236863992369 0.0974525914916 -0.0171837358056 0
534 -0.0236863992369 0.0917111740836 -0.0171837358056 0
535 -0.0236863992369 0.0859697566756 -0.0171837358056 0
536 -0.0236863992369 0.0802283392676 -0.0171837358056 0
537 -0.0241031996167 0.0754038797149 -0.00918371959318 0
538 -0.0241031996167 0.0696346716412 -0.00918371959318 0
539 -0.0241031996167 0.0638654635676 -0.00918371959318 0
540 -0.0241031996167 0.058096255494 -0.00918371959318 0
541 -0.0236863992369 0.0515212373265 -0.0171837358056 0
542 -0.0236863992369 0.0457798199185 -0.0171837358056 0
543 -0.0236863992369 0.0400384025105 -0.0171837358056 0
544 -0.0232695988572 0.0335745172032 -0.0251837520181 0
545 -0.0232695988572 0.0278608904609 -0.0251837520181 0
546 -0.0232695988572 0.0221472637185 -0.0251837520181 0
547 -0.0229049003875 0.0158744261988 -0.0321837215005 0
548 -0.0229049003875 0.0101851032504 -0.0321837215005 0
549 -0.0229049003875 0.00449578030194 -0.0321837215005 0
550 -0.0229049003875 -0.00119353519594 -0.0321837215005 0
551 -0.0229049003875 -0.0068828581444 -0.0321837215005 0
552 -0.0229049003875 -0.0125721736423 -0.0321837215005 0
553 -0.0229049003875 -0.0182614965907 -0.0321837215005 0
554 -0.0229049003875 -0.0239508120886 -0.0321837215005 0
555 -0.0229049003875 -0.0296401350371 -0.0321837215005 0
556 -0.0232695988572 -0.0349890707604 -0.0251837520181 0
557 -0.0232695988572 -0.0407027049533 -0.0251837520181 0
558 -0.0232695988572 -0.0464163316957 -0.0251837520181 0
559 -0.0232695988572 -0.0521299658886 -0.0251837520181 0
560 -0.0236863992369 -0.0575657306782 -0.0171837358056 0
561 -0.0241031996167 -0.0630570730737 -0.00918371959318 0
562 -0.0245199999964 -0.0686039856247 -0.00118370338072 0
563 -0.0245199999964 -0.0744009769133 -0.00118370338072 0
564 -0.0245199999964 -0.080197968202 -0.00118370338072 0
565 -0.0245199999964 -0.0859949632159 -0.00118370338072 0
566 -0.0249368003762 -0.0916808086059 0.00681631283175 0
567 -0.0249368003762 -0.0975055886975 0.00681631283175 0
568 -0.0249368003762 -0.103330367858 0.00681631283175 0
569 -0.0249368003762 -0.109155147484 0.00681631283175 0
570 -0.0245199999964 -0.11497992711 -0.00118370338072 0
571 -0.0241031996167 -0.120749133321 -0.00918371959318 0
572 -0.0232695988572 -0.126407192702 -0.0251837520181 0
573 -0.0232695988572 -0.132120825963 -0.0251837520181 0
574 -0.0224881000078 -0.137626058104 -0.040183737713 0
575 -0.0217066011584 -0.143027092012 -0.0551837234079 0
576 -0.0215919814265 0.179114128781 0.0578163118781 0
577 -0.0215919814265 0.173112209273 0.0578163118781 0
578 -0.0207653246081 0.164335097505 0.0408162327231 0
579 -0.0199386752403 0.155676062537 0.0238162727774 0
580 -0.0195496580756 0.148541833592 0.015816256565 0
581 -0.0191120184219 0.141310389472 0.00681631283175 0
582 -0.0187230087078 0.134290765358 -0.00118370338072 0
583 -0.0179449818289 0.126159693433 -0.0171837358056 0
584 -0.0183339915431 0.121557529403 -0.00918371959318 0
585 -0.0179449818289 0.114676858617 -0.0171837358056 0
586 -0.0179449818289 0.108935426308 -0.0171837358056 0
587 -0.0179449818289 0.1031940089 -0.0171837358056 0
588 -0.0175559646642 0.096424485875 -0.0251837520181 0
589 -0.0175559646642 0.0907108591327 -0.0251837520181 0
590 -0.0175559646642 0.0849972174891 -0.0251837520181 0
591 -0.0175559646642 0.0792835907468 -0.0251837520181 0
592 -0.0179449818289 0.0744869218596 -0.0171837358056 0
593 -0.0179449818289 0.0687454895505 -0.0171837358056 0
594 -0.0179449818289 0.0630040721425 -0.0171837358056 0
595 -0.0175559646642 0.056429053975 -0.0251837520181 0
596 -0.0175559646642 0.0507154272326 -0.0251837520181 0
597 -0.0175559646642 0.0450017855891 -0.0251837520181 0
598 -0.0175559646642 0.0392881588467 -0.0251837520181 0
599 -0.0175559646642 0.0335745172032 -0.0251837520181 0
600 -0.0175559646642 0.0278608904609 -0.0251837520181 0
601 -0.0175559646642 0.0221472637185 -0.0251837520181 0
602 -0.0172155774391 0.0158744261988 -0.0321837215005 0
603 -0.0172155774391 0.0101851032504 -0.0321837215005 0
604 -0.0172155774391 0.00449578030194 -0.0321837215005 0
605 -0.0172155774391 -0.00119353519594 -0.0321837215005 0
606 -0.0172155774391 -0.0068828581444 -0.0321837215005 0
607 -0.0172155774391 -0.0125721736423 -0.0321837215005 0
608 -0.0172155774391 -0.0182614965907 -0.0321837215005 0
609 -0.0172155774391 -0.0239508120886 -0.0321837215005 0
610 -0.0172155774391 -0.0296401350371 -0.0321837215005 0
611 -0.0172155774391 -0.0353294505349 -0.0321837215005 0
612 -0.0172155774391 -0.0410187734834 -0.0321837215005 0
613 -0.0172155774391 -0.0467080964318 -0.0321837215005 0
614 -0.0175559646642 -0.0521299658886 -0.0251837520181 0
615 -0.0179449818289 -0.0575657306782 -0.0171837358056 0
616 -0.0179449818289 -0.0633071518115 -0.0171837358056 0
617 -0.0183339915431 -0.0688262774221 -0.00918371959318 0
618 -0.0187230087078 -0.0744009769133 -0.00118370338072 0
619 -0.0187230087078 -0.080197968202 -0.00118370338072 0
620 -0.0187230087078 -0.0859949632159 -0.00118370338072 0
621 -0.0191120184219 -0.0916808086059 0.00681631283175 0
622 -0.0191120184219 -0.0975055886975 0.00681631283175 0
623 -0.0191120184219 -0.103330367858 0.00681631283175 0
624 -0.0191120184219 -0.109155147484 0.00681631283175 0
625 -0.0187230087078 -0.11497992711 -0.00118370338072 0
626 -0.0183339915431 -0.120749133321 -0.00918371959318 0
627 -0.0175559646642 -0.126407192702 -0.0251837520181 0
628 -0.0175559646642 -0.132120825963 -0.0251837520181 0
629 -0.016826567725 -0.137626058104 -0.040183737713 0
630 -0.0160971633351 -0.143027092012 -0.0551837234079 0
631 -0.0155900619185 0.179114128781 0.0578163118781 0
632 -0.0155900619185 0.173112209273 0.0578163118781 0
633 -0.0148224509514 0.164335097505 0.0408162327231 0
634 -0.0140548474348 0.155676062537 0.0238162727774 0
635 -0.0132872439182 0.147135163976 0.00681631283175 0
636 -0.0125647834695 0.138865138722 -0.00918371959318 0
637 -0.0122035569704 0.131901110841 -0.0171837358056 0
638 -0.0122035569704 0.126159693433 -0.0171837358056 0
639 -0.0122035569704 0.120418276025 -0.0171837358056 0
640 -0.0122035569704 0.114676858617 -0.0171837358056 0
641 -0.0118423304713 0.107851754261 -0.0251837520181 0
642 -0.0118423304713 0.102138112617 -0.0251837520181 0
643 -0.0118423304713 0.096424485875 -0.0251837520181 0
644 -0.0118423304713 0.0907108591327 -0.0251837520181 0
645 -0.0118423304713 0.0849972174891 -0.0251837520181 0
646 -0.0118423304713 0.0792835907468 -0.0251837520181 0
647 -0.0118423304713 0.0735699491032 -0.0251837520181 0
648 -0.0118423304713 0.0678563223609 -0.0251837520181 0
649 -0.0118423304713 0.0621426956185 -0.0251837520181 0
650 -0.0118423304713 0.056429053975 -0.0251837520181 0
651 -0.0118423304713 0.0507154272326 -0.0251837520181 0
652 -0.0118423304713 0.0450017855891 -0.0251837520181 0
653 -0.0118423304713 0.0392881588467 -0.0251837520181 0
654 -0.0118423304713 0.0335745172032 -0.0251837520181 0
655 -0.0118423304713 0.0278608904609 -0.0251837520181 0
656 -0.0118423304713 0.0221472637185 -0.0251837520181 0
657 -0.0115262619412 0.0158744261988 -0.0321837215005 0
658 -0.0115262619412 0.0101851032504 -0.0321837215005 0
659 -0.0115262619412 0.00449578030194 -0.0321837215005 0
660 -0.0115262619412 -0.00119353519594 -0.0321837215005 0
661 -0.0115262619412 -0.0068828581444 -0.0321837215005 0
662 -0.0111650354421 -0.0130723385683 -0.040183737713 0
663 -0.0115262619412 -0.0182614965907 -0.0321837215005 0
664 -0.0115262619412 -0.0239508120886 -0.0321837215005 0
665 -0.0115262619412 -0.0296401350371 -0.0321837215005 0
666 -0.0115262619412 -0.0353294505349 -0.0321837215005 0
667 -0.0115262619412 -0.0410187734834 -0.0321837215005 0
668 -0.0115262619412 -0.0467080964318 -0.0321837215005 0
669 -0.0118423304713 -0.0521299658886 -0.0251837520181 0
670 -0.0122035569704 -0.0575657306782 -0.0171837358056 0
671 -0.0122035569704 -0.0633071518115 -0.0171837358056 0
672 -0.0125647834695 -0.0688262774221 -0.00918371959318 0
673 -0.0129260174191 -0.0744009769133 -0.00118370338072 0
674 -0.0129260174191 -0.080197968202 -0.00118370338072 0
675 -0.0129260174191 -0.0859949632159 -0.00118370338072 0
676 -0.0132872439182 -0.0916808086059 0.00681631283175 0
677 -0.0132872439182 -0.0975055886975 0.00681631283175 0
678 -0.0132872439182 -0.103330367858 0.00681631283175 0
679 -0.0132872439182 -0.109155147484 0.00681631283175 0
680 -0.0129260174191 -0.11497992711 -0.00118370338072 0
681 -0.0129260174191 -0.120776919795 -0.00118370338072 0
682 -0.0125647834695 -0.126518339532 -0.00918371959318 0
683 -0.0118423304713 -0.132120825963 -0.0251837520181 0
684 -0.0115262619412 -0.137737205865 -0.0321837215005 0
685 -0.0108038089431 -0.143148657548 -0.0481837539254 0
686 -0.00958814241054 0.179114128781 0.0578163118781 0
687 -0.00921302057864 0.171611721946 0.0488162489356 0
688 -0.00850446291329 0.162865872813 0.0318162889899 0
689 -0.00783757634522 0.154397900535 0.015816256565 0
690 -0.00712901867988 0.145884747935 -0.00118370338072 0
691 -0.00646213956239 0.137642528249 -0.0171837358056 0
692 -0.00646213956239 0.131901110841 -0.0171837358056 0
693 -0.00612869627835 0.124992649389 -0.0251837520181 0
694 -0.00646213956239 0.120418276025 -0.0171837358056 0
695 -0.00646213956239 0.114676858617 -0.0171837358056 0
696 -0.00612869627835 0.107851754261 -0.0251837520181 0
697 -0.00612869627835 0.102138112617 -0.0251837520181 0
698 -0.00612869627835 0.096424485875 -0.0251837520181 0
699 -0.00612869627835 0.0907108591327 -0.0251837520181 0
700 -0.00612869627835 0.0849972174891 -0.0251837520181 0
701 -0.00612869627835 0.0792835907468 -0.0251837520181 0
702 -0.00612869627835 0.0735699491032 -0.0251837520181 0
703 -0.00612869627835 0.0678563223609 -0.0251837520181 0
704 -0.00612869627835 0.0621426956185 -0.0251837520181 0
705 -0.00646213956239 0.0572626547345 -0.0171837358056 0
706 -0.00646213956239 0.0515212373265 -0.0171837358056 0
707 -0.00612869627835 0.0450017855891 -0.0251837520181 0
708 -0.00612869627835 0.0392881588467 -0.0251837520181 0
709 -0.00612869627835 0.0335745172032 -0.0251837520181 0
710 -0.00612869627835 0.0278608904609 -0.0251837520181 0
711 -0.00612869627835 0.0221472637185 -0.0251837520181 0
712 -0.00583693899276 0.0158744261988 -0.0321837215005 0
713 -0.00583693899276 0.0101851032504 -0.0321837215005 0
714 -0.00583693899276 0.00449578030194 -0.0321837215005 0
715 -0.00583693899276 -0.00119353519594 -0.0321837215005 0
716 -0.00583693899276 -0.0068828581444 -0.0321837215005 0
717 -0.00583693899276 -0.0125721736423 -0.0321837215005 0
718 -0.00583693899276 -0.0182614965907 -0.0321837215005 0
719 -0.00583693899276 -0.0239508120886 -0.0321837215005 0
720 -0.00583693899276 -0.0296401350371 -0.0321837215005 0
721 -0.00583693899276 -0.0353294505349 -0.0321837215005 0
722 -0.00583693899276 -0.0410187734834 -0.0321837215005 0
723 -0.00583693899276 -0.0467080964318 -0.0321837215005 0
724 -0.00612869627835 -0.0521299658886 -0.0251837520181 0
725 -0.00612869627835 -0.0578436000816 -0.0251837520181 0
726 -0.00646213956239 -0.0633071518115 -0.0171837358056 0
727 -0.00679558284642 -0.0688262774221 -0.00918371959318 0
728 -0.00712901867988 -0.0744009769133 -0.00118370338072 0
729 -0.00712901867988 -0.080197968202 -0.00118370338072 0
730 -0.00746246196391 -0.0858560285143 0.00681631283175 0
731 -0.00746246196391 -0.0916808086059 0.00681631283175 0
732 -0.00746246196391 -0.0975055886975 0.00681631283175 0
733 -0.00746246196391 -0.103330367858 0.00681631283175 0
734 -0.00746246196391 -0.109155147484 0.00681631283175 0
735 -0.00746246196391 -0.11497992711 0.00681631283175 0
736 -0.00712901867988 -0.120776919795 -0.00118370338072 0
737 -0.00679558284642 -0.126518339532 -0.00918371959318 0
738 -0.00646213956239 -0.132204184922 -0.0171837358056 0
739 -0.00612869627835 -0.137834458294 -0.0251837520181 0
740 -0.00583693899276 -0.143426525088 -0.0321837215005 0
741 -0.00550349570872 -0.148949124532 -0.040183737713 0
742 -0.00324235625627 0.177582378817 0.0488162489356 0
743 -0.00324235625627 0.171611721946 0.0488162489356 0
744 -0.00228719182374 0.161559905244 0.0238162727774 0
745 -0.00133202739121 0.151681746674 -0.00118370338072 0
746 -0.00102637477281 0.144634361697 -0.00918371959318 0
747 -0.000720722154399 0.137642528249 -0.0171837358056 0
748 -0.000720722154399 0.131901110841 -0.0171837358056 0
749 -0.00041506208541 0.124992649389 -0.0251837520181 0
750 -0.000720722154399 0.120418276025 -0.0171837358056 0
751 -0.000720722154399 0.114676858617 -0.0171837358056 0
752 -0.00041506208541 0.107851754261 -0.0251837520181 0
753 -0.00041506208541 0.102138112617 -0.0251837520181 0
754 -0.00041506208541 0.096424485875 -0.0251837520181 0
755 -0.000147623494883 0.0898355798253 -0.0321837215005 0
756 -0.000147623494883 0.0841462568768 -0.0321837215005 0
757 -0.000147623494883 0.0784569339284 -0.0321837215005 0
758 -0.00041506208541 0.0735699491032 -0.0251837520181 0
759 -0.00041506208541 0.0678563223609 -0.0251837520181 0
760 -0.00041506208541 0.0621426956185 -0.0251837520181 0
761 -0.000720722154399 0.0572626547345 -0.0171837358056 0
762 -0.000720722154399 0.0515212373265 -0.0171837358056 0
763 -0.000720722154399 0.0457798199185 -0.0171837358056 0
764 -0.00041506208541 0.0392881588467 -0.0251837520181 0
765 -0.00041506208541 0.0335745172032 -0.0251837520181 0
766 -0.000147623494883 0.0272530571946 -0.0321837215005 0
767 -0.000147623494883 0.0215637342461 -0.0321837215005 0
768 -0.000147623494883 0.0158744261988 -0.0321837215005 0
769 -0.000147623494883 0.0101851032504 -0.0321837215005 0
770 -0.000147623494883 0.00449578030194 -0.0321837215005 0
771 -0.000147623494883 -0.00119353519594 -0.0321837215005 0
772 -0.000147623494883 -0.0068828581444 -0.0321837215005 0
773 -0.000147623494883 -0.0125721736423 -0.0321837215005 0
774 -0.000147623494883 -0.0182614965907 -0.0321837215005 0
775 -0.000147623494883 -0.0239508120886 -0.0321837215005 0
776 -0.000147623494883 -0.0296401350371 -0.0321837215005 0
777 -0.000147623494883 -0.0353294505349 -0.0321837215005 0
778 -0.000147623494883 -0.0410187734834 -0.0321837215005 0
779 -0.000147623494883 -0.0467080964318 -0.0321837215005 0
780 -0.00041506208541 -0.0521299658886 -0.0251837520181 0
781 -0.00041506208541 -0.0578436000816 -0.0251837520181 0
782 -0.000720722154399 -0.0633071518115 -0.0171837358056 0
783 -0.00102637477281 -0.0688262774221 -0.00918371959318 0
784 -0.00133202739121 -0.0744009769133 -0.00118370338072 0
785 -0.00133202739121 -0.080197968202 -0.00118370338072 0
786 -0.00163768000962 -0.0858560285143 0.00681631283175 0
787 -0.00163768000962 -0.0916808086059 0.00681631283175 0
788 -0.00163768000962 -0.0975055886975 0.00681631283175 0
789 -0.00163768000962 -0.103330367858 0.00681631283175 0
790 -0.00163768000962 -0.109155147484 0.00681631283175 0
791 -0.00163768000962 -0.11497992711 0.00681631283175 0
792 -0.00133202739121 -0.120776919795 -0.00118370338072 0
793 -0.00133202739121 -0.126573912481 -0.00118370338072 0
794 -0.000720722154399 -0.132204184922 -0.0171837358056 0
795 -0.00041506208541 -0.137834458294 -0.0251837520181 0
796 -0.000147623494883 -0.143426525088 -0.0321837215005 0
797 0.000158032848815 -0.148949124532 -0.040183737713 0
798 0.0030061662936 0.17027794881 0.0408162327231 0
799 0.00359663225649 0.161559905244 0.0238162727774 0
800 0.00446496762274 0.151681746674 -0.00118370338072 0
801 0.00474283330081 0.144634361697 -0.00918371959318 0
802 0.00502069897888 0.137642528249 -0.0171837358056 0
803 0.00502069897888 0.131901110841 -0.0171837358056 0
804 0.00502069897888 0.126159693433 -0.0171837358056 0
805 0.00502069897888 0.120418276025 -0.0171837358056 0
806 0.00502069897888 0.114676858617 -0.0171837358056 0
807 0.00529856838224 0.107851754261 -0.0251837520181 0
808 0.00529856838224 0.102138112617 -0.0251837520181 0
809 0.00554169945357 0.0955249027737 -0.0321837215005 0
810 0.00554169945357 0.0898355798253 -0.0321837215005 0
811 0.00554169945357 0.0841462568768 -0.0321837215005 0
812 0.00529856838224 0.0792835907468 -0.0251837520181 0
813 0.00529856838224 0.0735699491032 -0.0251837520181 0
814 0.00529856838224 0.0678563223609 -0.0251837520181 0
815 0.00529856838224 0.0621426956185 -0.0251837520181 0
816 0.00502069897888 0.0572626547345 -0.0171837358056 0
817 0.00502069897888 0.0515212373265 -0.0171837358056 0
818 0.00529856838224 0.0450017855891 -0.0251837520181 0
819 0.00529856838224 0.0392881588467 -0.0251837520181 0
820 0.00554169945357 0.0329423801431 -0.0321837215005 0
821 0.00581956885693 0.0265583948621 -0.040183737713 0
822 0.00581956885693 0.0208968625792 -0.040183737713 0
823 0.00581956885693 0.0152353302964 -0.040183737713 0
824 0.00554169945357 0.0101851032504 -0.0321837215005 0
825 0.00581956885693 0.00391225828017 -0.040183737713 0
826 0.00581956885693 -0.00174927400266 -0.040183737713 0
827 0.00581956885693 -0.00741080628549 -0.040183737713 0
828 0.00581956885693 -0.0130723385683 -0.040183737713 0
829 0.00554169945357 -0.0182614965907 -0.0321837215005 0
830 0.00554169945357 -0.0239508120886 -0.0321837215005 0
831 0.00554169945357 -0.0296401350371 -0.0321837215005 0
832 0.00554169945357 -0.0353294505349 -0.0321837215005 0
833 0.00554169945357 -0.0410187734834 -0.0321837215005 0
834 0.00554169945357 -0.0467080964318 -0.0321837215005 0
835 0.00529856838224 -0.0521299658886 -0.0251837520181 0
836 0.00529856838224 -0.0578436000816 -0.0251837520181 0
837 0.00502069897888 -0.0633071518115 -0.0171837358056 0
838 0.00474283330081 -0.0688262774221 -0.00918371959318 0
839 0.00446496762274 -0.0744009769133 -0.00118370338072 0
840 0.00418709821938 -0.0800312502853 0.00681631283175 0
841 0.00418709821938 -0.0858560285143 0.00681631283175 0
842 0.00387450165985 -0.091555769237 0.015816256565 0
843 0.00387450165985 -0.0974118082396 0.015816256565 0
844 0.00387450165985 -0.103267848173 0.015816256565 0
845 0.00387450165985 -0.109123887642 0.015816256565 0
846 0.00387450165985 -0.11497992711 0.015816256565 0
847 0.00418709821938 -0.120804706736 0.00681631283175 0
848 0.00446496762274 -0.126573912481 -0.00118370338072 0
849 0.00474283330081 -0.132287545743 -0.00918371959318 0
850 0.00529856838224 -0.137834458294 -0.0251837520181 0
851 0.00554169945357 -0.143426525088 -0.0321837215005 0
852 0.00554169945357 -0.149115842449 -0.0321837215005 0
853 0.00973053879974 0.160253937674 0.015816256565 0
854 0.0102619589114 0.151681746674 -0.00118370338072 0
855 0.0105120413744 0.144634361697 -0.00918371959318 0
856 0.0107621201122 0.137642528249 -0.0171837358056 0
857 0.0107621201122 0.131901110841 -0.0171837358056 0
858 0.0107621201122 0.126159693433 -0.0171837358056 0
859 0.0107621201122 0.120418276025 -0.0171837358056 0
860 0.0107621201122 0.114676858617 -0.0171837358056 0
861 0.0110121988499 0.107851754261 -0.0251837520181 0
862 0.0110121988499 0.102138112617 -0.0251837520181 0
863 0.0110121988499 0.096424485875 -0.0251837520181 0
864 0.0112310186767 0.0898355798253 -0.0321837215005 0
865 0.0110121988499 0.0849972174891 -0.0251837520181 0
866 0.0110121988499 0.0792835907468 -0.0251837520181 0
867 0.0110121988499 0.0735699491032 -0.0251837520181 0
868 0.0110121988499 0.0678563223609 -0.0251837520181 0
869 0.0110121988499 0.0621426956185 -0.0251837520181 0
870 0.0110121988499 0.056429053975 -0.0251837520181 0
871 0.0110121988499 0.0507154272326 -0.0251837520181 0
872 0.0110121988499 0.0450017855891 -0.0251837520181 0
873 0.0112310186767 0.0386317030915 -0.0321837215005 0
874 0.0114811011398 0.0322199271449 -0.040183737713 0
875 0.0117311798775 0.0258637176284 -0.0481837539254 0
876 0.0117311798775 0.0202299760112 -0.0481837539254 0
877 0.0117311798775 0.014596234394 -0.0481837539254 0
878 0.0114811011398 0.00957379801357 -0.040183737713 0
879 0.0114811011398 0.00391225828017 -0.040183737713 0
880 0.0114811011398 -0.00174927400266 -0.040183737713 0
881 0.0114811011398 -0.00741080628549 -0.040183737713 0
882 0.0114811011398 -0.0130723385683 -0.040183737713 0
883 0.0112310186767 -0.0182614965907 -0.0321837215005 0
884 0.0112310186767 -0.0239508120886 -0.0321837215005 0
885 0.0112310186767 -0.0296401350371 -0.0321837215005 0
886 0.0112310186767 -0.0353294505349 -0.0321837215005 0
887 0.0112310186767 -0.0410187734834 -0.0321837215005 0
888 0.0112310186767 -0.0467080964318 -0.0321837215005 0
889 0.0110121988499 -0.0521299658886 -0.0251837520181 0
890 0.0110121988499 -0.0578436000816 -0.0251837520181 0
891 0.0107621201122 -0.0633071518115 -0.0171837358056 0
892 0.0102619589114 -0.0686039856247 -0.00118370338072 0
893 0.0100118801737 -0.074206468331 0.00681631283175 0
894 0.0100118801737 -0.0800312502853 0.00681631283175 0
895 0.00973053879974 -0.0856997302345 0.015816256565 0
896 0.00948046006201 -0.0914446233383 0.0238162727774 0
897 0.00948046006201 -0.0973284492812 0.0238162727774 0
898 0.00948046006201 -0.103212275224 0.0238162727774 0
899 0.00948046006201 -0.109096101167 0.0238162727774 0
900 0.00973053879974 -0.11497992711 0.015816256565 0
901 0.0100118801737 -0.120804706736 0.00681631283175 0
902 0.0102619589114 -0.126573912481 -0.00118370338072 0
903 0.0105120413744 -0.132287545743 -0.00918371959318 0
904 0.0110121988499 -0.137834458294 -0.0251837520181 0
905 0.0110121988499 -0.143548090624 -0.0251837520181 0
906 0.0112310186767 -0.149115842449 -0.0321837215005 0
907 0.0117311798775 -0.154416148233 -0.0481837539254 0
908 0.0160589539254 0.157478745414 -0.00118370338072 0
909 0.0162812457228 0.15040355487 -0.00918371959318 0
910 0.0162812457228 0.144634361697 -0.00918371959318 0
911 0.0162812457228 0.138865138722 -0.00918371959318 0
912 0.0162812457228 0.13309594555 -0.00918371959318 0
913 0.0162812457228 0.127326737476 -0.00918371959318 0
914 0.0165035412454 0.120418276025 -0.0171837358056 0
915 0.0165035412454 0.114676858617 -0.0171837358056 0
916 0.0167258330428 0.107851754261 -0.0251837520181 0
917 0.0167258330428 0.102138112617 -0.0251837520181 0
918 0.0167258330428 0.096424485875 -0.0251837520181 0
919 0.0167258330428 0.0907108591327 -0.0251837520181 0
920 0.0167258330428 0.0849972174891 -0.0251837520181 0
921 0.0167258330428 0.0792835907468 -0.0251837520181 0
922 0.0167258330428 0.0735699491032 -0.0251837520181 0
923 0.0167258330428 0.0678563223609 -0.0251837520181 0
924 0.0167258330428 0.0621426956185 -0.0251837520181 0
925 0.0167258330428 0.056429053975 -0.0251837520181 0
926 0.0167258330428 0.0507154272326 -0.0251837520181 0
927 0.0169203378999 0.04432102604 -0.0321837215005 0
928 0.0171426334226 0.0378814594277 -0.040183737713 0
929 0.0173649289453 0.0314974741467 -0.0481837539254 0
930 0.0173649289453 0.0258637176284 -0.0481837539254 0
931 0.0173649289453 0.0202299760112 -0.0481837539254 0
932 0.0173649289453 0.014596234394 -0.0481837539254 0
933 0.0171426334226 0.00957379801357 -0.040183737713 0
934 0.0171426334226 0.00391225828017 -0.040183737713 0
935 0.0173649289453 -0.00230500535881 -0.0481837539254 0
936 0.0173649289453 -0.00793875442659 -0.0481837539254 0
937 0.0171426334226 -0.0130723385683 -0.040183737713 0
938 0.0171426334226 -0.0187338708512 -0.040183737713 0
939 0.0169203378999 -0.0239508120886 -0.0321837215005 0
940 0.0169203378999 -0.0296401350371 -0.0321837215005 0
941 0.0169203378999 -0.0353294505349 -0.0321837215005 0
942 0.0169203378999 -0.0410187734834 -0.0321837215005 0
943 0.0169203378999 -0.0467080964318 -0.0321837215005 0
944 0.0167258330428 -0.0521299658886 -0.0251837520181 0
945 0.0165035412454 -0.0575657306782 -0.0171837358056 0
946 0.0162812457228 -0.0630570730737 -0.00918371959318 0
947 0.0160589539254 -0.0686039856247 -0.00118370338072 0
948 0.0158366584027 -0.074206468331 0.00681631283175 0
949 0.0155865796649 -0.0798436893693 0.015816256565 0
950 0.0153642878675 -0.0855607955328 0.0238162727774 0
951 0.0153642878675 -0.0914446233383 0.0238162727774 0
952 0.0151419923448 -0.0972450884602 0.0318162889899 0
953 0.0153642878675 -0.103212275224 0.0238162727774 0
954 0.0153642878675 -0.109096101167 0.0238162727774 0
955 0.0153642878675 -0.11497992711 0.0238162727774 0
956 0.0155865796649 -0.120835966578 0.015816256565 0
957 0.0158366584027 -0.126629486362 0.00681631283175 0
958 0.0162812457228 -0.132287545743 -0.00918371959318 0
959 0.0165035412454 -0.137945604192 -0.0171837358056 0
960 0.0167258330428 -0.143548090624 -0.0251837520181 0
961 0.0169203378999 -0.149115842449 -0.0321837215005 0
962 0.0173649289453 -0.154416148233 -0.0481837539254 0
963 0.0220504537964 0.156172777844 -0.00918371959318 0
964 0.0220504537964 0.15040355487 -0.00918371959318 0
965 0.0220504537964 0.144634361697 -0.00918371959318 0
966 0.0220504537964 0.138865138722 -0.00918371959318 0
967 0.0220504537964 0.13309594555 -0.00918371959318 0
968 0.0220504537964 0.127326737476 -0.00918371959318 0
969 0.0220504537964 0.121557529403 -0.00918371959318 0
970 0.0222449586534 0.114676858617 -0.0171837358056 0
971 0.0222449586534 0.108935426308 -0.0171837358056 0
972 0.0224394672358 0.102138112617 -0.0251837520181 0
973 0.0224394672358 0.096424485875 -0.0251837520181 0
974 0.0224394672358 0.0907108591327 -0.0251837520181 0
975 0.0224394672358 0.0849972174891 -0.0251837520181 0
976 0.0224394672358 0.0792835907468 -0.0251837520181 0
977 0.0224394672358 0.0735699491032 -0.0251837520181 0
978 0.0224394672358 0.0678563223609 -0.0251837520181 0
979 0.0224394672358 0.0621426956185 -0.0251837520181 0
980 0.0224394672358 0.056429053975 -0.0251837520181 0
981 0.0224394672358 0.0507154272326 -0.0251837520181 0
982 0.0226096608484 0.04432102604 -0.0321837215005 0
983 0.0226096608484 0.0386317030915 -0.0321837215005 0
984 0.0228041657054 0.0322199271449 -0.040183737713 0
985 0.0229986742878 0.0258637176284 -0.0481837539254 0
986 0.0229986742878 0.0202299760112 -0.0481837539254 0
987 0.0228041657054 0.0152353302964 -0.040183737713 0
988 0.0226096608484 0.0101851032504 -0.0321837215005 0
989 0.0226096608484 0.00449578030194 -0.0321837215005 0
990 0.0228041657054 -0.00174927400266 -0.040183737713 0
991 0.0228041657054 -0.00741080628549 -0.040183737713 0
992 0.0228041657054 -0.0130723385683 -0.040183737713 0
993 0.0226096608484 -0.0182614965907 -0.0321837215005 0
994 0.0226096608484 -0.0239508120886 -0.0321837215005 0
995 0.0226096608484 -0.0296401350371 -0.0321837215005 0
996 0.0224394672358 -0.0349890707604 -0.0251837520181 0
997 0.0224394672358 -0.0407027049533 -0.0251837520181 0
998 0.0224394672358 -0.0464163316957 -0.0251837520181 0
999 0.0222449586534 -0.0518243132702 -0.0171837358056 0
1000 0.0220504537964 -0.0572878650001 -0.00918371959318 0
1001 0.021855945214 -0.0628069906107 -0.00118370338072 0
1002 0.021661440357 -0.068381690102 0.00681631283175 0
1003 0.0214426205301 -0.0739876522294 0.015816256565 0
1004 0.0212481119478 -0.0796769714526 0.0238162727774 0
1005 0.0210536070907 -0.0854218626938 0.0318162889899 0
1006 0.0210536070907 -0.091333475577 0.0318162889899 0
1007 0.0210536070907 -0.0972450884602 0.0318162889899 0
1008 0.0210536070907 -0.103156701343 0.0318162889899 0
1009 0.0210536070907 -0.109068314227 0.0318162889899 0
1010 0.0210536070907 -0.11497992711 0.0318162889899 0
1011 0.0210536070907 -0.120891539993 0.0318162889899 0
1012 0.0214426205301 -0.126692006046 0.015816256565 0
1013 0.021855945214 -0.132370906564 -0.00118370338072 0
1014 0.0222449586534 -0.137945604192 -0.0171837358056 0
1015 0.0224394672358 -0.143548090624 -0.0251837520181 0
1016 0.0228041657054 -0.148949124532 -0.040183737713 0
1017 0.0278196581447 0.156172777844 -0.00918371959318 0
1018 0.027652940228 0.151681746674 -0.00118370338072 0
1019 0.027652940228 0.145884747935 -0.00118370338072 0
1020 0.027652940228 0.140087749196 -0.00118370338072 0
1021 0.027652940228 0.134290765358 -0.00118370338072 0
1022 0.0278196581447 0.127326737476 -0.00918371959318 0
1023 0.0278196581447 0.121557529403 -0.00918371959318 0
1024 0.0278196581447 0.115788321329 -0.00918371959318 0
1025 0.0279863797867 0.108935426308 -0.0171837358056 0
1026 0.0281531014287 0.102138112617 -0.0251837520181 0
1027 0.0281531014287 0.096424485875 -0.0251837520181 0
1028 0.0281531014287 0.0907108591327 -0.0251837520181 0
1029 0.0281531014287 0.0849972174891 -0.0251837520181 0
1030 0.0281531014287 0.0792835907468 -0.0251837520181 0
1031 0.0281531014287 0.0735699491032 -0.0251837520181 0
1032 0.0281531014287 0.0678563223609 -0.0251837520181 0
1033 0.0281531014287 0.0621426956185 -0.0251837520181 0
1034 0.0281531014287 0.056429053975 -0.0251837520181 0
1035 0.0281531014287 0.0507154272326 -0.0251837520181 0
1036 0.0281531014287 0.0450017855891 -0.0251837520181 0
1037 0.0281531014287 0.0392881588467 -0.0251837520181 0
1038 0.0282989800715 0.0329423801431 -0.0321837215005 0
1039 0.0284657017135 0.0265583948621 -0.040183737713 0
1040 0.0284657017135 0.0208968625792 -0.040183737713 0
1041 0.0282989800715 0.0158744261988 -0.0321837215005 0
1042 0.0282989800715 0.0101851032504 -0.0321837215005 0
1043 0.0282989800715 0.00449578030194 -0.0321837215005 0
1044 0.0282989800715 -0.00119353519594 -0.0321837215005 0
1045 0.0282989800715 -0.0068828581444 -0.0321837215005 0
1046 0.0282989800715 -0.0125721736423 -0.0321837215005 0
1047 0.0282989800715 -0.0182614965907 -0.0321837215005 0
1048 0.0282989800715 -0.0239508120886 -0.0321837215005 0
1049 0.0281531014287 -0.0292754365674 -0.0251837520181 0
1050 0.0281531014287 -0.0349890707604 -0.0251837520181 0
1051 0.0279863797867 -0.0403414710036 -0.0171837358056 0
1052 0.0278196581447 -0.0457494525782 -0.00918371959318 0
1053 0.0278196581447 -0.0515186606518 -0.00918371959318 0
1054 0.027652940228 -0.057009999322 -0.00118370338072 0
1055 0.0274862185859 -0.062556911873 0.00681631283175 0
1056 0.0271319397533 -0.0679093195668 0.0238162727774 0
1057 0.0269652181113 -0.07359863879 0.0318162889899 0
1058 0.0269652181113 -0.0795102498106 0.0318162889899 0
1059 0.0267776609206 -0.085265564414 0.0408162327231 0
1060 0.0267776609206 -0.0912084362081 0.0408162327231 0
1061 0.0267776609206 -0.0971513098649 0.0408162327231 0
1062 0.0267776609206 -0.103094181659 0.0408162327231 0
1063 0.0269652181113 -0.109068314227 0.0318162889899 0
1064 0.0269652181113 -0.11497992711 0.0318162889899 0
1065 0.0269652181113 -0.120891539993 0.0318162889899 0
1066 0.0272986613953 -0.126692006046 0.015816256565 0
1067 0.0278196581447 -0.132287545743 -0.00918371959318 0
1068 0.0279863797867 -0.137945604192 -0.0171837358056 0
1069 0.0281531014287 -0.143548090624 -0.0251837520181 0
1070 0.0284657017135 -0.148949124532 -0.040183737713 0
1071 0.0286324196303 -0.154416148233 -0.0481837539254 0
1072 0.0334499333793 0.157478745414 -0.00118370338072 0
1073 0.0334499333793 0.151681746674 -0.00118370338072 0
1074 0.0334499333793 0.145884747935 -0.00118370338072 0
1075 0.0334499333793 0.140087749196 -0.00118370338072 0
1076 0.0334499333793 0.134290765358 -0.00118370338072 0
1077 0.0334499333793 0.12849378152 -0.00118370338072 0
1078 0.0334499333793 0.122696782781 -0.00118370338072 0
1079 0.0335888662183 0.115788321329 -0.00918371959318 0
1080 0.0337277990573 0.108935426308 -0.0171837358056 0
1081 0.0337277990573 0.1031940089 -0.0171837358056 0
1082 0.033866733759 0.096424485875 -0.0251837520181 0
1083 0.033866733759 0.0907108591327 -0.0251837520181 0
1084 0.033866733759 0.0849972174891 -0.0251837520181 0
1085 0.033866733759 0.0792835907468 -0.0251837520181 0
1086 0.033866733759 0.0735699491032 -0.0251837520181 0
1087 0.033866733759 0.0678563223609 -0.0251837520181 0
1088 0.0337277990573 0.0630040721425 -0.0171837358056 0
1089 0.0337277990573 0.0572626547345 -0.0171837358056 0
1090 0.0337277990573 0.0515212373265 -0.0171837358056 0
1091 0.0337277990573 0.0457798199185 -0.0171837358056 0
1092 0.0337277990573 0.0400384025105 -0.0171837358056 0
1093 0.033866733759 0.0335745172032 -0.0251837520181 0
1094 0.033866733759 0.0278608904609 -0.0251837520181 0
1095 0.033866733759 0.0221472637185 -0.0251837520181 0
1096 0.033866733759 0.016433622075 -0.0251837520181 0
1097 0.033866733759 0.0107199953326 -0.0251837520181 0
1098 0.033866733759 0.00500636113966 -0.0251837520181 0
1099 0.033866733759 -0.000707273053281 -0.0251837520181 0
1100 0.033866733759 -0.00642090724623 -0.0251837520181 0
1101 0.033866733759 -0.0121345339886 -0.0251837520181 0
1102 0.033866733759 -0.0178481681815 -0.0251837520181 0
1103 0.033866733759 -0.0235618023745 -0.0251837520181 0
1104 0.0337277990573 -0.0288586361877 -0.0171837358056 0
1105 0.0337277990573 -0.0346000535957 -0.0171837358056 0
1106 0.0335888662183 -0.0399802445046 -0.00918371959318 0
1107 0.0334499333793 -0.0454160092941 -0.00118370338072 0
1108 0.0334499333793 -0.0512130080334 -0.00118370338072 0
1109 0.0334499333793 -0.057009999322 -0.00118370338072 0
1110 0.0333109986776 -0.062556911873 0.00681631283175 0
1111 0.0330157656961 -0.0679093195668 0.0238162727774 0
1112 0.0328768328571 -0.07359863879 0.0318162889899 0
1113 0.0327205327147 -0.0793226926199 0.0408162327231 0
1114 0.0327205327147 -0.085265564414 0.0408162327231 0
1115 0.0327205327147 -0.0912084362081 0.0408162327231 0
1116 0.0327205327147 -0.0971513098649 0.0408162327231 0
1117 0.0327205327147 -0.103094181659 0.0408162327231 0
1118 0.0327205327147 -0.109037054384 0.0408162327231 0
1119 0.0328768328571 -0.11497992711 0.0318162889899 0
1120 0.0328768328571 -0.120891539993 0.0318162889899 0
1121 0.0331547003978 -0.126692006046 0.015816256565 0
1122 0.0334499333793 -0.132370906564 -0.00118370338072 0
1123 0.0337277990573 -0.137945604192 -0.0171837358056 0
1124 0.0339882992947 -0.143426525088 -0.0321837215005 0
1125 0.0341272339964 -0.148949124532 -0.040183737713 0
1126 0.0342661668354 -0.154416148233 -0.0481837539254 0
1127 0.0390107394004 0.160253937674 0.015816256565 0
1128 0.0391357787692 0.152959938479 0.00681631283175 0
1129 0.0391357787692 0.147135163976 0.00681631283175 0
1130 0.0391357787692 0.141310389472 0.00681631283175 0
1131 0.0391357787692 0.135485585166 0.00681631283175 0
1132 0.0391357787692 0.129660810662 0.00681631283175 0
1133 0.0392469265306 0.122696782781 -0.00118370338072 0
1134 0.0392469265306 0.116899784041 -0.00118370338072 0
1135 0.0394692201906 0.108935426308 -0.0171837358056 0
1136 0.0394692201906 0.1031940089 -0.0171837358056 0
1137 0.0395803660893 0.096424485875 -0.0251837520181 0
1138 0.0395803660893 0.0907108591327 -0.0251837520181 0
1139 0.0395803660893 0.0849972174891 -0.0251837520181 0
1140 0.0395803660893 0.0792835907468 -0.0251837520181 0
1141 0.0395803660893 0.0735699491032 -0.0251837520181 0
1142 0.0394692201906 0.0687454895505 -0.0171837358056 0
1143 0.0394692201906 0.0630040721425 -0.0171837358056 0
1144 0.0393580724293 0.058096255494 -0.00918371959318 0
1145 0.0393580724293 0.0523270474204 -0.00918371959318 0
1146 0.0393580724293 0.0465578393468 -0.00918371959318 0
1147 0.0393580724293 0.0407886461743 -0.00918371959318 0
1148 0.0393580724293 0.0350194381007 -0.00918371959318 0
1149 0.0393580724293 0.0292502300271 -0.00918371959318 0
1150 0.0393580724293 0.0234810219535 -0.00918371959318 0
1151 0.0393580724293 0.0177118138799 -0.00918371959318 0
1152 0.0394692201906 0.0113313005694 -0.0171837358056 0
1153 0.0394692201906 0.00558988316143 -0.0171837358056 0
1154 0.0395803660893 -0.000707273053281 -0.0251837520181 0
1155 0.0395803660893 -0.00642090724623 -0.0251837520181 0
1156 0.0394692201906 -0.0116343765131 -0.0171837358056 0
1157 0.0394692201906 -0.0173757939211 -0.0171837358056 0
1158 0.0394692201906 -0.0231172187797 -0.0171837358056 0
1159 0.0393580724293 -0.0284418358079 -0.00918371959318 0
1160 0.0392469265306 -0.0338220267168 -0.00118370338072 0
1161 0.0392469265306 -0.0396190180055 -0.00118370338072 0
1162 0.0392469265306 -0.0454160092941 -0.00118370338072 0
1163 0.0392469265306 -0.0512130080334 -0.00118370338072 0
1164 0.0391357787692 -0.0567321299187 0.00681631283175 0
1165 0.0388995935017 -0.0620254917613 0.0238162727774 0
1166 0.0386634063715 -0.0674369453064 0.0408162327231 0
1167 0.0386634063715 -0.0733798189632 0.0408162327231 0
1168 0.0386634063715 -0.0793226926199 0.0408162327231 0
1169 0.0385522604728 -0.0851266297123 0.0488162489356 0
1170 0.0385522604728 -0.0910972903094 0.0488162489356 0
1171 0.0385522604728 -0.0970679490439 0.0488162489356 0
1172 0.0386634063715 -0.103094181659 0.0408162327231 0
1173 0.0386634063715 -0.109037054384 0.0408162327231 0
1174 0.0387884457403 -0.11497992711 0.0318162889899 0
1175 0.0387884457403 -0.120891539993 0.0318162889899 0
1176 0.0391357787692 -0.126629486362 0.00681631283175 0
1177 0.0393580724293 -0.132287545743 -0.00918371959318 0
1178 0.0394692201906 -0.137945604192 -0.0171837358056 0
1179 0.0395803660893 -0.143548090624 -0.0251837520181 0
1180 0.0396776185179 -0.149115842449 -0.0321837215005 0
1181 0.0396776185179 -0.154805165397 -0.0321837215005 0
1182 0.0396776185179 -0.16049448462 -0.0321837215005 0
1183 0.0447000586235 0.162865872813 0.0318162889899 0
1184 0.0448667802656 0.154397900535 0.015816256565 0
1185 0.0449605588609 0.147135163976 0.00681631283175 0
1186 0.0449605588609 0.141310389472 0.00681631283175 0
1187 0.0449605588609 0.135485585166 0.00681631283175 0
1188 0.0449605588609 0.129660810662 0.00681631283175 0
1189 0.0450439196819 0.122696782781 -0.00118370338072 0
1190 0.0450439196819 0.116899784041 -0.00118370338072 0
1191 0.0451272786403 0.110019113255 -0.00918371959318 0
1192 0.0452106394613 0.1031940089 -0.0171837358056 0
1193 0.0452106394613 0.0974525914916 -0.0171837358056 0
1194 0.0452106394613 0.0917111740836 -0.0171837358056 0
1195 0.0452940002823 0.0849972174891 -0.0251837520181 0
1196 0.0452940002823 0.0792835907468 -0.0251837520181 0
1197 0.0452106394613 0.0744869218596 -0.0171837358056 0
1198 0.0452106394613 0.0687454895505 -0.0171837358056 0
1199 0.0451272786403 0.0638654635676 -0.00918371959318 0
1200 0.0451272786403 0.058096255494 -0.00918371959318 0
1201 0.0451272786403 0.0523270474204 -0.00918371959318 0
1202 0.0450439196819 0.0473358736762 -0.00118370338072 0
1203 0.0450439196819 0.0415388749369 -0.00118370338072 0
1204 0.0450439196819 0.0357418910989 -0.00118370338072 0
1205 0.0450439196819 0.0299448923596 -0.00118370338072 0
1206 0.0450439196819 0.0241479085215 -0.00118370338072 0
1207 0.0451272786403 0.0177118138799 -0.00918371959318 0
1208 0.0451272786403 0.0119426058062 -0.00918371959318 0
1209 0.0452106394613 0.00558988316143 -0.0171837358056 0
1210 0.0451272786403 0.000404197109588 -0.00918371959318 0
1211 0.0451272786403 -0.00536501096403 -0.00918371959318 0
1212 0.0451272786403 -0.0111342190376 -0.00918371959318 0
1213 0.0450439196819 -0.0164310454003 -0.00118370338072 0
1214 0.0451272786403 -0.0226726277343 -0.00918371959318 0
1215 0.0450439196819 -0.0280250354282 -0.00118370338072 0
1216 0.0450439196819 -0.0338220267168 -0.00118370338072 0
1217 0.0450439196819 -0.0396190180055 -0.00118370338072 0
1218 0.0449605588609 -0.0450825734607 0.00681631283175 0
1219 0.0449605588609 -0.0509073479644 0.00681631283175 0
1220 0.0448667802656 -0.0564195333592 0.015816256565 0
1221 0.0446062800282 -0.0614940716497 0.0408162327231 0
1222 0.0445229192072 -0.067214653509 0.0488162489356 0
1223 0.0445229192072 -0.0731853103808 0.0488162489356 0
1224 0.0446062800282 -0.0793226926199 0.0408162327231 0
1225 0.0445229192072 -0.0851266297123 0.0488162489356 0
1226 0.0444291387492 -0.0909722490779 0.0578163118781 0
1227 0.0445229192072 -0.0970679490439 0.0488162489356 0
1228 0.0446062800282 -0.103094181659 0.0408162327231 0
1229 0.0446062800282 -0.109037054384 0.0408162327231 0
1230 0.0447000586235 -0.11497992711 0.0318162889899 0
1231 0.0447834194445 -0.120863753053 0.0238162727774 0
1232 0.0450439196819 -0.126573912481 -0.00118370338072 0
1233 0.0452106394613 -0.132204184922 -0.0171837358056 0
1234 0.0452106394613 -0.137945604192 -0.0171837358056 0
1235 0.0452940002823 -0.143548090624 -0.0251837520181 0
1236 0.0452940002823 -0.149261724817 -0.0251837520181 0
1237 0.0452940002823 -0.154975355285 -0.0251837520181 0
1238 0.0453669396037 -0.16049448462 -0.0321837215005 0
1239 0.0505491527536 0.164335097505 0.0408162327231 0
1240 0.0506116724381 0.156954254342 0.0318162889899 0
1241 0.0506672463187 0.149792249633 0.0238162727774 0
1242 0.0507228192681 0.142685796452 0.015816256565 0
1243 0.0507853389525 0.135485585166 0.00681631283175 0
1244 0.0507853389525 0.129660810662 0.00681631283175 0
1245 0.0508409128332 0.122696782781 -0.00118370338072 0
1246 0.0508409128332 0.116899784041 -0.00118370338072 0
1247 0.0508964857825 0.110019113255 -0.00918371959318 0
1248 0.0508964857825 0.104249905182 -0.00918371959318 0
1249 0.0508964857825 0.0984806971082 -0.00918371959318 0
1250 0.0509520596632 0.0917111740836 -0.0171837358056 0
1251 0.0509520596632 0.0859697566756 -0.0171837358056 0
1252 0.0509520596632 0.0802283392676 -0.0171837358056 0
1253 0.0509520596632 0.0744869218596 -0.0171837358056 0
1254 0.0509520596632 0.0687454895505 -0.0171837358056 0
1255 0.0508964857825 0.0638654635676 -0.00918371959318 0
1256 0.0508964857825 0.058096255494 -0.00918371959318 0
1257 0.0508409128332 0.0531328724154 -0.00118370338072 0
1258 0.0508409128332 0.0473358736762 -0.00118370338072 0
1259 0.0508409128332 0.0415388749369 -0.00118370338072 0
1260 0.0508409128332 0.0357418910989 -0.00118370338072 0
1261 0.0508409128332 0.0299448923596 -0.00118370338072 0
1262 0.0508409128332 0.0241479085215 -0.00118370338072 0
1263 0.0508409128332 0.0183509097823 -0.00118370338072 0
1264 0.0508964857825 0.0119426058062 -0.00918371959318 0
1265 0.0508964857825 0.0061734051832 -0.00918371959318 0
1266 0.0508964857825 0.000404197109588 -0.00918371959318 0
1267 0.0508409128332 -0.00483706282293 -0.00118370338072 0
1268 0.0508409128332 -0.0106340541116 -0.00118370338072 0
1269 0.0508409128332 -0.0164310454003 -0.00118370338072 0
1270 0.0508409128332 -0.0222280441395 -0.00118370338072 0
1271 0.0508409128332 -0.0280250354282 -0.00118370338072 0
1272 0.0507853389525 -0.0334330095521 0.00681631283175 0
1273 0.0507853389525 -0.0392577915064 0.00681631283175 0
1274 0.0507853389525 -0.0450825734607 0.00681631283175 0
1275 0.0507853389525 -0.0509073479644 0.00681631283175 0
1276 0.0507853389525 -0.0567321299187 0.00681631283175 0
1277 0.0504935798043 -0.0910972903094 0.0488162489356 0
1278 0.0504935798043 -0.0970679490439 0.0488162489356 0
1279 0.0505491527536 -0.103094181659 0.0408162327231 0
1280 0.0506116724381 -0.109068314227 0.0318162889899 0
1281 0.0506672463187 -0.11497992711 0.0238162727774 0
1282 0.0507853389525 -0.120804706736 0.00681631283175 0
1283 0.0508409128332 -0.126573912481 -0.00118370338072 0
1284 0.0508964857825 -0.132287545743 -0.00918371959318 0
1285 0.0508964857825 -0.138056751954 -0.00918371959318 0
1286 0.0509520596632 -0.143687025326 -0.0171837358056 0
1287 0.0509520596632 -0.149428442734 -0.0171837358056 0
1288 0.0509520596632 -0.155169863867 -0.0171837358056 0
1289 0.0510076326126 -0.160688989478 -0.0251837520181 0
1290 0.0564920259447 0.164335097505 0.0408162327231 0
1291 0.0565232857869 0.156954254342 0.0318162889899 0
1292 0.0565510727273 0.149792249633 0.0238162727774 0
1293 0.0565510727273 0.143908436728 0.0238162727774 0
1294 0.0565788592019 0.136829759313 0.015816256565 0
1295 0.0566101190442 0.129660810662 0.00681631283175 0
1296 0.0566101190442 0.123836036158 0.00681631283175 0
1297 0.0566101190442 0.118011261655 0.00681631283175 0
1298 0.0566379059845 0.111102800203 -0.00118370338072 0
1299 0.0566379059845 0.105305801464 -0.00118370338072 0
1300 0.0566656924592 0.0984806971082 -0.00918371959318 0
1301 0.0566656924592 0.0927114890345 -0.00918371959318 0
1302 0.0566656924592 0.0869422958621 -0.00918371959318 0
1303 0.0566656924592 0.0811730877885 -0.00918371959318 0
1304 0.0566656924592 0.0754038797149 -0.00918371959318 0
1305 0.0566656924592 0.0696346716412 -0.00918371959318 0
1306 0.0566656924592 0.0638654635676 -0.00918371959318 0
1307 0.0566656924592 0.058096255494 -0.00918371959318 0
1308 0.0566379059845 0.0531328724154 -0.00118370338072 0
1309 0.0566379059845 0.0473358736762 -0.00118370338072 0
1310 0.0566101190442 0.0422891186007 0.00681631283175 0
1311 0.0566101190442 0.036464344097 0.00681631283175 0
1312 0.0566101190442 0.0306395695933 0.00681631283175 0
1313 0.0566101190442 0.0248147801884 0.00681631283175 0
1314 0.0566379059845 0.0183509097823 -0.00118370338072 0
1315 0.0566379059845 0.0125539110431 -0.00118370338072 0
1316 0.0566379059845 0.00675692720497 -0.00118370338072 0
1317 0.0566379059845 0.000959928465732 -0.00118370338072 0
1318 0.0566379059845 -0.00483706282293 -0.00118370338072 0
1319 0.0566379059845 -0.0106340541116 -0.00118370338072 0
1320 0.0566101190442 -0.0159586711398 0.00681631283175 0
1321 0.0566379059845 -0.0222280441395 -0.00118370338072 0
1322 0.0566101190442 -0.0276082350484 0.00681631283175 0
1323 0.0566101190442 -0.0334330095521 0.00681631283175 0
1324 0.0566101190442 -0.0392577915064 0.00681631283175 0
1325 0.0566101190442 -0.0450825734607 0.00681631283175 0
1326 0.0564920259447 -0.103094181659 0.0408162327231 0
1327 0.0565232857869 -0.109068314227 0.0318162889899 0
1328 0.0565510727273 -0.11497992711 0.0238162727774 0
1329 0.0565788592019 -0.120835966578 0.015816256565 0
1330 0.0566379059845 -0.126573912481 -0.00118370338072 0
1331 0.0566379059845 -0.132370906564 -0.00118370338072 0
1332 0.0566379059845 -0.138167897852 -0.00118370338072 0
1333 0.0566379059845 -0.143964891004 -0.00118370338072 0
1334 0.0566656924592 -0.149595164376 -0.00918371959318 0
1335 0.0566656924592 -0.155364368724 -0.00918371959318 0
1336 0.0567212658742 -0.160688989478 -0.0251837520181 0
1337 0.0624348991358 0.162865872813 0.0318162889899 0
1338 0.0624348991358 0.156954254342 0.0318162889899 0
1339 0.0624348991358 0.149792249633 0.0238162727774 0
1340 0.0624348991358 0.143908436728 0.0238162727774 0
1341 0.0624348991358 0.136829759313 0.015816256565 0
1342 0.0624348991358 0.129660810662 0.00681631283175 0
1343 0.0624348991358 0.122696782781 -0.00118370338072 0
1344 0.0624348991358 0.116899784041 -0.00118370338072 0
1345 0.0624348991358 0.111102800203 -0.00118370338072 0
1346 0.0624348991358 0.105305801464 -0.00118370338072 0
1347 0.0624348991358 0.0984806971082 -0.00918371959318 0
1348 0.0624348991358 0.0927114890345 -0.00918371959318 0
1349 0.0624348991358 0.0869422958621 -0.00918371959318 0
1350 0.0624348991358 0.0811730877885 -0.00918371959318 0
1351 0.0624348991358 0.0754038797149 -0.00918371959318 0
1352 0.0624348991358 0.0696346716412 -0.00918371959318 0
1353 0.0624348991358 0.0638654635676 -0.00918371959318 0
1354 0.0624348991358 0.058096255494 -0.00918371959318 0
1355 0.0624348991358 0.0531328724154 -0.00118370338072 0
1356 0.0624348991358 0.0473358736762 -0.00118370338072 0
1357 0.0624348991358 0.0415388749369 -0.00118370338072 0
1358 0.0624348991358 0.0357418910989 -0.00118370338072 0
1359 0.0624348991358 0.0299448923596 -0.00118370338072 0
1360 0.0624348991358 0.0241479085215 -0.00118370338072 0
1361 0.0624348991358 0.0183509097823 -0.00118370338072 0
1362 0.0624348991358 0.0119426058062 -0.00918371959318 0
1363 0.0624348991358 0.0061734051832 -0.00918371959318 0
1364 0.0624348991358 0.000959928465732 -0.00118370338072 0
1365 0.0624348991358 -0.00536501096403 -0.00918371959318 0
1366 0.0624348991358 -0.0111342190376 -0.00918371959318 0
1367 0.0624348991358 -0.0164310454003 -0.00118370338072 0
1368 0.0624348991358 -0.0222280441395 -0.00118370338072 0
1369 0.0624348991358 -0.0280250354282 -0.00118370338072 0
1370 0.0624348991358 -0.120776919795 -0.00118370338072 0
1371 0.0624348991358 -0.126573912481 -0.00118370338072 0
1372 0.0624348991358 -0.132370906564 -0.00118370338072 0
1373 0.0624348991358 -0.138056751954 -0.00918371959318 0
1374 0.0624348991358 -0.143825958165 -0.00918371959318 0
1375 0.0624348991358 -0.149595164376 -0.00918371959318 0
1376 0.0624348991358 -0.155364368724 -0.00918371959318 0
1377 0.0624348991358 -0.160688989478 -0.0251837520181 0
1378 0.0683465124847 0.156954254342 0.0318162889899 0
1379 0.0683465124847 0.151042665673 0.0318162889899 0
1380 0.0683187255443 0.143908436728 0.0238162727774 0
1381 0.0682909390697 0.136829759313 0.015816256565 0
1382 0.0682909390697 0.130973722173 0.015816256565 0
1383 0.0682596792275 0.123836036158 0.00681631283175 0
1384 0.0682596792275 0.118011261655 0.00681631283175 0
1385 0.0682596792275 0.11218647225 0.00681631283175 0
1386 0.0682318922871 0.105305801464 -0.00118370338072 0
1387 0.0682318922871 0.0995088176259 -0.00118370338072 0
1388 0.0682318922871 0.0937118188866 -0.00118370338072 0
1389 0.0682041058124 0.0869422958621 -0.00918371959318 0
1390 0.0682041058124 0.0811730877885 -0.00918371959318 0
1391 0.0682041058124 0.0754038797149 -0.00918371959318 0
1392 0.0682041058124 0.0696346716412 -0.00918371959318 0
1393 0.0682041058124 0.0638654635676 -0.00918371959318 0
1394 0.0682318922871 0.0589298562535 -0.00118370338072 0
1395 0.0682596792275 0.0539386825093 0.00681631283175 0
1396 0.0682596792275 0.0481139080056 0.00681631283175 0
1397 0.0682596792275 0.0422891186007 0.00681631283175 0
1398 0.0682596792275 0.036464344097 0.00681631283175 0
1399 0.0682596792275 0.0306395695933 0.00681631283175 0
1400 0.0682596792275 0.0248147801884 0.00681631283175 0
1401 0.0682596792275 0.0189900056847 0.00681631283175 0
1402 0.0682596792275 0.013165231181 0.00681631283175 0
1403 0.0682318922871 0.00675692720497 -0.00118370338072 0
1404 0.0682596792275 0.00151566727246 0.00681631283175 0
1405 0.0682318922871 -0.00483706282293 -0.00118370338072 0
1406 0.0682318922871 -0.0106340541116 -0.00118370338072 0
1407 0.0682318922871 -0.0164310454003 -0.00118370338072 0
1408 0.0682041058124 -0.0226726277343 -0.00918371959318 0
1409 0.0682909390697 -0.126692006046 0.015816256565 0
1410 0.0682909390697 -0.13254804598 0.015816256565 0
1411 0.0682318922871 -0.138167897852 -0.00118370338072 0
1412 0.0682318922871 -0.143964891004 -0.00118370338072 0
1413 0.0682318922871 -0.149761886018 -0.00118370338072 0
1414 0.0682041058124 -0.155364368724 -0.00918371959318 0
1415 0.0681763188721 -0.160911281275 -0.0171837358056 0
1416 0.0742581258336 0.151042665673 0.0318162889899 0
1417 0.0742581258336 0.145131047202 0.0318162889899 0
1418 0.0742581258336 0.139219428731 0.0318162889899 0
1419 0.0742025519529 0.132140766216 0.0238162727774 0
1420 0.0742025519529 0.126256938411 0.0238162727774 0
1421 0.0741469790035 0.119261647893 0.015816256565 0
1422 0.0742025519529 0.114489297701 0.0238162727774 0
1423 0.0741469790035 0.107549573613 0.015816256565 0
1424 0.0741469790035 0.101693536473 0.015816256565 0
1425 0.0740844593191 0.0947121338376 0.00681631283175 0
1426 0.0740288854384 0.0879148201474 -0.00118370338072 0
1427 0.0740288854384 0.0821178363093 -0.00118370338072 0
1428 0.0740288854384 0.0763208375701 -0.00118370338072 0
1429 0.0740288854384 0.0705238388308 -0.00118370338072 0
1430 0.0740288854384 0.0647268549928 -0.00118370338072 0
1431 0.0740844593191 0.059763457013 0.00681631283175 0
1432 0.0741469790035 0.0548452095517 0.015816256565 0
1433 0.0741469790035 0.0489891724118 0.015816256565 0
1434 0.0741469790035 0.0431331352719 0.015816256565 0
1435 0.0741469790035 0.037277098132 0.015816256565 0
1436 0.0741469790035 0.0314210609921 0.015816256565 0
1437 0.0742025519529 0.0262318955191 0.0238162727774 0
1438 0.0742025519529 0.0203480677136 0.0238162727774 0
1439 0.0741469790035 0.0138529346713 0.015816256565 0
1440 0.0741469790035 0.0079968975314 0.015816256565 0
1441 0.0742025519529 0.00269659919823 0.0238162727774 0
1442 0.0742025519529 -0.00318722860729 0.0238162727774 0
1443 0.0740844593191 -0.0101338966361 0.00681631283175 0
1444 0.0742025519529 -0.126747578996 0.0238162727774 0
1445 0.0742581258336 -0.132714765759 0.0318162889899 0
1446 0.0740844593191 -0.138279045614 0.00681631283175 0
1447 0.0740844593191 -0.144103825705 0.00681631283175 0
1448 0.0740844593191 -0.149928603934 0.00681631283175 0
1449 0.0740288854384 -0.155558877306 -0.00118370338072 0
1450 0.0740288854384 -0.161355868595 -0.00118370338072 0
1451 0.0801697396481 0.145131047202 0.0318162889899 0
1452 0.0803468790644 0.141758437587 0.0488162489356 0
1453 0.0802635182434 0.13462072177 0.0408162327231 0
1454 0.0801697396481 0.12739620669 0.0318162889899 0
1455 0.0801697396481 0.121484588219 0.0318162889899 0
1456 0.0801697396481 0.115572969747 0.0318162889899 0
1457 0.0801697396481 0.109661366177 0.0318162889899 0
1458 0.0800863788271 0.10272164209 0.0238162727774 0
1459 0.0800863788271 0.0968378142842 0.0238162727774 0
1460 0.0800863788271 0.0909539864787 0.0238162727774 0
1461 0.0800863788271 0.0850701586732 0.0238162727774 0
1462 0.0800030180061 0.0782693730124 0.015816256565 0
1463 0.0800030180061 0.0724133358725 0.015816256565 0
1464 0.0800030180061 0.0665572987326 0.015816256565 0
1465 0.0800863788271 0.0615348623523 0.0238162727774 0
1466 0.0801697396481 0.0564568446406 0.0318162889899 0
1467 0.0801697396481 0.0505452261695 0.0318162889899 0
1468 0.0801697396481 0.0446336225995 0.0318162889899 0
1469 0.0801697396481 0.0387220041283 0.0318162889899 0
1470 0.0800863788271 0.0321157233247 0.0238162727774 0
1471 0.0801697396481 0.0268987820872 0.0318162889899 0
1472 0.0801697396481 0.0209871636161 0.0318162889899 0
1473 0.0801697396481 0.0150755600461 0.0318162889899 0
1474 0.0801697396481 0.00916394157494 0.0318162889899 0
1475 0.0801697396481 0.00325233055437 0.0318162889899 0
1476 0.0801697396481 -0.126803152876 0.0318162889899 0
1477 0.0801697396481 -0.132714765759 0.0318162889899 0
1478 0.0800863788271 -0.138515230881 0.0238162727774 0
1479 0.0800863788271 -0.144399058687 0.0238162727774 0
1480 0.0800030180061 -0.15011616485 0.015816256565 0
1481 0.0800030180061 -0.15597220199 0.015816256565 0
1482 0.0800030180061 -0.161828242855 0.015816256565 0
1483 0.0863175377989 0.141758437587 0.0488162489356 0
1484 0.0865537249291 0.138267721368 0.0658162088813 0
1485 0.0864425790304 0.131098772717 0.0578163118781 0
1486 0.0862063919002 0.122734974457 0.0408162327231 0
1487 0.0862063919002 0.116792108251 0.0408162327231 0
1488 0.0862063919002 0.110849242044 0.0408162327231 0
1489 0.0862063919002 0.104906360937 0.0408162327231 0
1490 0.0860813525313 0.0978381292352 0.0318162889899 0
1491 0.0862063919002 0.0930206136235 0.0408162327231 0
1492 0.0862063919002 0.0870777474173 0.0408162327231 0
1493 0.0860813525313 0.080103303624 0.0318162889899 0
1494 0.0860813525313 0.0741916851529 0.0318162889899 0
1495 0.0860813525313 0.0682800666817 0.0318162889899 0
1496 0.0860813525313 0.0623684631118 0.0318162889899 0
1497 0.0863175377989 0.058169196678 0.0488162489356 0
1498 0.0863175377989 0.0521985398063 0.0488162489356 0
1499 0.0860813525313 0.0209871636161 0.0318162889899 0
1500 0.0860813525313 -0.126803152876 0.0318162889899 0
1501 0.0860813525313 -0.132714765759 0.0318162889899 0
1502 0.0859702047699 -0.138515230881 0.0238162727774 0
1503 0.0859702047699 -0.144399058687 0.0238162727774 0
1504 0.0859702047699 -0.150282882767 0.0238162727774 0
1505 0.0859702047699 -0.156166710573 0.0238162727774 0
1506 0.0858590588712 -0.161828242855 0.015816256565 0
1507 0.0855117258423 -0.166902781146 -0.00918371959318 0
1508 0.0921492655569 0.116792108251 0.0408162327231 0
1509 0.0921492655569 0.110849242044 0.0408162327231 0
1510 0.0919929654145 0.103749747706 0.0318162889899 0
1511 0.0919929654145 0.0978381292352 0.0318162889899 0
1512 0.0921492655569 0.0930206136235 0.0408162327231 0
1513 0.0924444985384 0.0890853361615 0.0578163118781 0
1514 0.0924444985384 0.0830834166535 0.0578163118781 0
1515 0.0924444985384 0.0770814971455 0.0578163118781 0
1516 0.0921492655569 0.0692491189965 0.0408162327231 0
1517 0.0922881983959 0.0641398535498 0.0488162489356 0
1518 0.0924444985384 0.0590757386216 0.0578163118781 0
1519 0.0925834313774 0.0538518385419 0.0658162088813 0
1520 0.0927397315198 0.0486661599406 0.0748162718238 0
1521 0.0919929654145 -0.126803152876 0.0318162889899 0
1522 0.0919929654145 -0.132714765759 0.0318162889899 0
1523 0.0918540325755 -0.138515230881 0.0238162727774 0
1524 0.0918540325755 -0.144399058687 0.0238162727774 0
1525 0.0918540325755 -0.150282882767 0.0238162727774 0
1526 0.0918540325755 -0.156166710573 0.0238162727774 0
1527 0.0917150978738 -0.161828242855 0.015816256565 0
1528 0.0914198648923 -0.167152863609 -0.00118370338072 0
1529 0.0979045801604 0.109661366177 0.0318162889899 0
1530 0.0979045801604 0.103749747706 0.0318162889899 0
1531 0.0979045801604 0.0978381292352 0.0318162889899 0
1532 0.098092137351 0.0930206136235 0.0408162327231 0
1533 0.0986131378257 0.0598815487155 0.0658162088813 0
1534 0.0979045801604 -0.126803152876 0.0318162889899 0
1535 0.0977378585183 -0.132631404938 0.0238162727774 0
1536 0.0977378585183 -0.138515230881 0.0238162727774 0
1537 0.0977378585183 -0.144399058687 0.0238162727774 0
1538 0.0977378585183 -0.150282882767 0.0238162727774 0
1539 0.0977378585183 -0.156166710573 0.0238162727774 0
1540 0.0975711368763 -0.161828242855 0.015816256565 0
1541 0.0972168580437 -0.167152863609 -0.00118370338072 0
1542 0.103816191181 -0.126803152876 0.0318162889899 0
1543 0.103621686324 -0.132631404938 0.0238162727774 0
1544 0.103621686324 -0.138515230881 0.0238162727774 0
1545 0.103621686324 -0.144399058687 0.0238162727774 0
1546 0.103621686324 -0.150282882767 0.0238162727774 0
1547 0.103621686324 -0.156166710573 0.0238162727774 0
1548 0.103621686324 -0.162050534653 0.0238162727774 0
1549 0.103427177742 -0.167684283721 0.015816256565 0
1550 0.109727805927 -0.126803152876 0.0318162889899 0
1551 0.109727805927 -0.132714765759 0.0318162889899 0
1552 0.109505510404 -0.138515230881 0.0238162727774 0
1553 0.109727805927 -0.144537991526 0.0318162889899 0
1554 0.109977884665 -0.1506371616 0.0408162327231 0
1555 0.109977884665 -0.156580035256 0.0408162327231 0
1556 0.109727805927 -0.162272830176 0.0318162889899 0
1557 0.109505510404 -0.167934362458 0.0238162727774 0
1558 0.115639420673 -0.132714765759 0.0318162889899 0
1559 0.116170837059 -0.144833224507 0.0488162489356 0
1560 0.116170837059 -0.150803883242 0.0488162489356 0
1561 0.116170837059 -0.156774543839 0.0488162489356 0
1562 0.115920758321 -0.162522908913 0.0408162327231 0
1563 0.115639420673 -0.168184441196 0.0318162889899 0
1564 0.122454097941 -0.150991444158 0.0578163118781 0
1565 0.122454097941 -0.156993363666 0.0578163118781 0
1566 0.122141497656 -0.162745200711 0.0488162489356 0
1567 0.121863631978 -0.16846578257 0.0408162327231 0
1568 0.128112154528 -0.156774543839 0.0488162489356 0
1569 0.128456021174 -0.162995283174 0.0578163118781 0
1570 0.128112154528 -0.168715861308 0.0488162489356 0
1571 0.134457940682 -0.162995283174 0.0578163118781 0
1572 0.13408281885 -0.168715861308 0.0488162489356 0
